[ProjectInfo]
Description=
Creator=Anat Drori Ronen
CreateDate=20220927
ModifyDate=20220927

[Driver]
Brand=Dayton Audio
Model=DCS165-4
Manufacturer=Dayton Audio
ProvidedBy=Anat Drori Ronen
Comment=
DateAdded=20220927
DateModified=20220927
Qts=0.341432664756447
Znom=6
Fs=35.7
Pe=0
SPL=83.8781417442781
Re=3.4
Le=0.00143
fLe=1000
KLe=0.113351160711532
BL=9.15
Xmax=0.006
Cms=0.000503160726401942
Qms=6.62
Qes=0.36
Rms=1.33840389137754
Mms=0.0395
Sd=0.0130168738952498
Vas=0.0121
Dia=0
Vd=0.0000781012433714986
no=0.00148719820699343
Dd=0.12873848916413
EBP=99.1666666666667
numVC=1
Hc=0
Hg=0
SPLmax=0
SPLmaxLF=78.4175705578178
USPL=87.5990812843413
alfaVC=0.0039
Rt=0
Ct=0
gamma=231.645569620253
Rme=24.611760446998
Mpow=4.96228422260176
Mcost=0
Gloss=0.0324842808223332
VCCon=1
c=343.684120962152
roo=1.20095217714682
Thick=0.005
Depth=0.0825
MagDepth=0.05
Magnet=0.045
Basket=0.142
Outer=0.167
Vcd=0.0358
DVol=0.000270656712024038
ParState=CENCEEECEEECEECCECCENCCENNNCCNNNCCCCNCEEEEEEECNCC

[Box]
BType=1
Vf=0
Ff=0
Qlf=10
Qaf=100
Qpf=100
Vr=0.00833
Fr=48
Qlr=10
Qar=100
Qpr=100
Vc=0
Fc=0
Qlc=0
Qac=0
Qpc=0
Qiclfr=100
Qiclfc=0
Qiclcr=0
T=293.15
p=101325
phi=0.3
d=1
Med=0
Nd=1
Angle=0
Isobarik=0
alfaVC=0.0039
dTVC=0
Sdfport=0
Sdrport=0.0026

[VentFront]
Num=1
Shape=1
Fb=0
Vb=0
dia1=0.102
dia2=0.102
carea=0
len=0
endcorrection=0.732
crosscalc=1

[VentRear]
Num=1
Shape=2
Fb=48
Vb=0.00833
dia1=0.01
dia2=0.26
carea=0.0026
len=0.363210013577121
endcorrection=0.732
crosscalc=1

[VentIntra]
Num=1
Shape=1
Fb=0
Vb=0
dia1=0.102
dia2=0.102
carea=0
len=0
endcorrection=0.732
crosscalc=1

[PlotSettings]
Color=1355540
Width=1

[SignalSource]
Rg=0.1
P=4.9

[Filters]
Count=0

[SimulatorOptions]
VCInd=1
FlatResponse=0
TLPorts=0
