[ProjectInfo]
Description=
Creator=Anat Drori Ronen
CreateDate=20220305
ModifyDate=20231217

[Driver]
Brand=Designer Series
Model=DSA315­8
Manufacturer=Dayton Audio
ProvidedBy=Anat Drori Ronen
Comment=
DateAdded=20220305
DateModified=20220305
Qts=0.330131004366812
Znom=8
Fs=24.23
Pe=0
SPL=89.2164424237479
Re=6
Le=0.00111
fLe=0
KLe=0
BL=16.1
Xmax=0.0055
Cms=0.00038
Qms=1.89
Qes=0.4
Rms=9.1457919281107
Mms=0.1131
Sd=0.0520257830393272
Vas=0.147
Dia=0
Vd=0.0002861418067163
no=0.0050839224956116
Dd=0.257373822117719
EBP=60.575
numVC=1
Hc=0
Hg=0
SPLmax=0
SPLmaxLF=89.6960378995854
USPL=90.4706586303973
alfaVC=0.0039
Rt=0
Ct=0
gamma=142.351900972591
Rme=43.0463067430098
Mpow=6.5727974764682
Mcost=0
Gloss=0.0769292363011445
VCCon=1
c=343.684120962152
roo=1.20095217714682
Thick=0.0035
Depth=0.1265
MagDepth=0.0375
Magnet=0.17
Basket=0.272
Outer=0.314
Vcd=0.0495
DVol=0.00274854195621803
ParState=CENCEENNEENEEECCECCENCCENNNCCNNNCCCCNCEEEEEEECNCC

[Box]
BType=1
Vf=0
Ff=0
Qlf=10
Qaf=100
Qpf=100
Vr=0.075
Fr=31.3
Qlr=10
Qar=100
Qpr=100
Vc=0
Fc=0
Qlc=0
Qac=0
Qpc=0
Qiclfr=100
Qiclfc=0
Qiclcr=0
T=293.15
p=101325
phi=0.3
d=1
Med=0
Nd=1
Angle=0
Isobarik=0
alfaVC=0.0039
dTVC=0
Sdfport=0
Sdrport=0.0038484510006475

[VentFront]
Num=1
Shape=1
Fb=0
Vb=0
dia1=0.102
dia2=0.102
carea=0
len=0
endcorrection=0.732
crosscalc=1

[VentRear]
Num=1
Shape=1
Fb=31.3
Vb=0.075
dia1=0.07
dia2=0.102
carea=0.0038484510006475
len=0.105469462305963
endcorrection=0.732
crosscalc=1

[VentIntra]
Num=1
Shape=1
Fb=0
Vb=0
dia1=0.102
dia2=0.102
carea=0
len=0
endcorrection=0.732
crosscalc=1

[PlotSettings]
Color=1355540
Width=1

[SignalSource]
Rg=0.1
P=9.88166666666667

[Filters]
Count=0

[SimulatorOptions]
VCInd=1
FlatResponse=0
TLPorts=0
