[ProjectInfo]
Description=
Creator=Anat Drori Ronen
CreateDate=20240528
ModifyDate=20240528

[Driver]
Brand=Dayton Audio
Model=DCS255-4
Manufacturer=Dayton Audio
ProvidedBy=Anat Drori Ronen
Comment=
DateAdded=20240115
DateModified=20240115
Qts=0.468434343434343
Znom=6
Fs=37.7
Pe=0
SPL=87.3988573522829
Re=3.45
Le=0.0018
fLe=1000
KLe=0.142679782713816
BL=12.4935782273478
Xmax=0.0083
Cms=0.000186618283836791
Qms=7.42
Qes=0.5
Rms=3.048742078262
Mms=0.0955
Sd=0.0348219507154613
Vas=0.0321
Dia=0
Vd=0.000289022190938329
no=0.00334534115984663
Dd=0.210562780841592
EBP=75.4
numVC=1
Hc=0
Hg=0
SPLmax=0
SPLmaxLF=89.783035377607
USPL=91.056395112036
alfaVC=0.0039
Rt=0
Ct=0
gamma=130.822808663327
Rme=45.2433324414081
Mpow=6.72631640955197
Mcost=0
Gloss=0.0210571769216217
VCCon=1
c=343.684120962152
roo=1.20095217714682
Thick=0.0125
Depth=0.138
MagDepth=0.025
Magnet=0.145
Basket=0.232
Outer=0.258
Vcd=0.0495
DVol=0.00210528112227544
ParState=CENCEEECCEECEECCECCENCCENNNCCNNNCCCCNCEEEEEEECNCC

[Box]
BType=1
Vf=0
Ff=0
Qlf=10
Qaf=100
Qpf=100
Vr=0.043
Fr=40
Qlr=10
Qar=100
Qpr=100
Vc=0
Fc=0
Qlc=0
Qac=0
Qpc=0
Qiclfr=100
Qiclfc=0
Qiclcr=0
T=293.15
p=101325
phi=0.3
d=1
Med=0
Nd=1
Angle=0
Isobarik=0
alfaVC=0.0039
dTVC=0
Sdfport=0
Sdrport=0.0038484510006475

[VentFront]
Num=1
Shape=1
Fb=0
Vb=0
dia1=0.102
dia2=0.102
carea=0
len=0
endcorrection=0.732
crosscalc=1

[VentRear]
Num=1
Shape=1
Fb=40
Vb=0.043
dia1=0.07
dia2=0.102
carea=0.0038484510006475
len=0.116121947448977
endcorrection=0.732
crosscalc=1

[VentIntra]
Num=1
Shape=1
Fb=0
Vb=0
dia1=0.102
dia2=0.102
carea=0
len=0
endcorrection=0.732
crosscalc=1

[PlotSettings]
Color=1355540
Width=1

[SignalSource]
Rg=0.1
P=19.968115942029

[Filters]
Count=0

[SimulatorOptions]
VCInd=1
FlatResponse=0
TLPorts=0
