[ProjectInfo]
Description=
Creator=jon
CreateDate=20241026
ModifyDate=20241026

[Driver]
Brand=Dayton Audio
Model=PS95-8
Manufacturer=Dayton Audio
ProvidedBy=jon
Comment=
DateAdded=20241026
DateModified=20241026
Qts=0.721279212792128
Znom=10
Fs=119.8
Pe=0
SPL=85.087349773097
Re=7.1
Le=0.00063
fLe=1000
KLe=0.0499379239498357
BL=3.83366239203418
Xmax=0.0025
Cms=0.000802239324057589
Qms=7.33
Qes=0.8
Rms=0.22592037101777
Mms=0.0022
Sd=0.00287401896472089
Vas=0.00094
Dia=0
Vd=7.18504741180221E-6
no=0.00196467019187117
Dd=0.060492268912659
EBP=149.75
numVC=1
Hc=0
Hg=0
SPLmax=0
SPLmaxLF=57.6930043648092
USPL=85.610494996392
alfaVC=0.0039
Rt=0
Ct=0
gamma=1742.57381456099
Rme=2.06999539945031
Mpow=1.43874785819139
Mcost=0
Gloss=0.00692320663519703
VCCon=1
c=343.684120962152
roo=1.20095217714682
Thick=0.0047
Depth=0.0476
MagDepth=0.02
Magnet=0.07
Basket=0.077
Outer=0.0982
Vcd=0.02
DVol=0.000115042194839974
ParState=CENCEEECCEECEECCECCENCCENNNCCNNNCCCCNCEEEEEEECNCC

[Box]
BType=1
Vf=0
Ff=0
Qlf=10
Qaf=100
Qpf=100
Vr=0.0025
Fr=94.28
Qlr=10
Qar=100
Qpr=100
Vc=0
Fc=0
Qlc=0
Qac=0
Qpc=0
Qiclfr=100
Qiclfc=0
Qiclcr=0
T=293.15
p=101325
phi=0.3
d=1
Med=0
Nd=1
Angle=0
Isobarik=0
alfaVC=0.0039
dTVC=0
Sdfport=0
Sdrport=0.00102

[VentFront]
Num=1
Shape=1
Fb=0
Vb=0
dia1=0.102
dia2=0.102
carea=0
len=0
endcorrection=0.732
crosscalc=1

[VentRear]
Num=1
Shape=2
Fb=94.28
Vb=0.0025
dia1=0.01
dia2=0.102
carea=0.00102
len=0.110955198051444
endcorrection=0.732
crosscalc=1

[VentIntra]
Num=1
Shape=1
Fb=0
Vb=0
dia1=0.102
dia2=0.102
carea=0
len=0
endcorrection=0.732
crosscalc=1

[PlotSettings]
Color=1355540
Width=1

[SignalSource]
Rg=0.1
P=5.1

[Filters]
Count=0

[SimulatorOptions]
VCInd=1
FlatResponse=0
TLPorts=0
