[ProjectInfo]
Description=
Creator=Anat Drori Ronen
CreateDate=20231128
ModifyDate=20231202

[Driver]
Brand=Dayton Audio
Model=SIG120-4
Manufacturer=Dayton Audio
ProvidedBy=Anat Drori Ronen
Comment=
DateAdded=20231128
DateModified=20231128
Qts=0.428399246704331
Znom=6
Fs=74.6
Pe=0
SPL=86.4080697485862
Re=3.7
Le=0.00022
fLe=1000
KLe=0.0174386401094664
BL=4.97220106594091
Xmax=0.004
Cms=0.000679340967857931
Qms=4.84
Qes=0.47
Rms=0.648855719056715
Mms=0.0067
Sd=0.00567171787762085
Vas=0.0031
Dia=0
Vd=0.0000226868715104834
no=0.00266294166995044
Dd=0.0849791473737425
EBP=158.723404255319
numVC=1
Hc=0
Hg=0
SPLmax=0
SPLmaxLF=67.6799038274471
USPL=89.7617812184021
alfaVC=0.0039
Rt=0
Ct=0
gamma=742.119562080733
Rme=6.68183336220107
Mpow=2.58492424689798
Mcost=0
Gloss=0.0111589489965937
VCCon=1
c=343.684120962152
roo=1.20095217714682
Thick=0.005
Depth=0.051
MagDepth=0.015
Magnet=0.08
Basket=0.095
Outer=0.123
Vcd=0.0266
DVol=0.000171431629346322
ParState=CENCEEECCEECEECCECCENCCENNNCCNNNCCCCNCEEEEEEECNCC

[Box]
BType=0
Vf=0
Ff=0
Qlf=10
Qaf=100
Qpf=100
Vr=0.0016
Fr=133.348785937616
Qlr=10
Qar=100
Qpr=100
Vc=0
Fc=0
Qlc=0
Qac=0
Qpc=0
Qiclfr=100
Qiclfc=0
Qiclcr=0
T=293.15
p=101325
phi=0.3
d=1
Med=0
Nd=1
Angle=0
Isobarik=0
alfaVC=0.0039
dTVC=0
Sdfport=0
Sdrport=0

[VentFront]
Num=1
Shape=1
Fb=0
Vb=0
dia1=0.102
dia2=0.102
carea=0
len=0
endcorrection=0.732
crosscalc=1

[VentRear]
Num=1
Shape=1
Fb=0
Vb=0
dia1=0.102
dia2=0.102
carea=0
len=0
endcorrection=0.732
crosscalc=1

[VentIntra]
Num=1
Shape=1
Fb=0
Vb=0
dia1=0.102
dia2=0.102
carea=0
len=0
endcorrection=0.732
crosscalc=1

[PlotSettings]
Color=16719647
Width=1

[SignalSource]
Rg=0.1
P=10.0567567567568

[Filters]
Count=0

[SimulatorOptions]
VCInd=1
FlatResponse=0
TLPorts=0
