[ProjectInfo]
Description=
Creator=Anat Drori Ronen
CreateDate=20240115
ModifyDate=20240115

[Driver]
Brand=Dayton Audio
Model=DC200-8
Manufacturer=Dayton Audio
ProvidedBy=Anat Drori Ronen
Comment=
DateAdded=20240115
DateModified=20240115
Qts=0.422366197183099
Znom=10
Fs=30.3
Pe=0
SPL=86.1737466209031
Re=6.41
Le=0.00232
fLe=1000
KLe=0.183898386608919
BL=9.48190989834681
Xmax=0.0045
Cms=0.0007642717455049
Qms=3.06
Qes=0.49
Rms=2.24599234789289
Mms=0.0361
Sd=0.020531083713982
Vas=0.0457
Dia=0
Vd=0.0000923898767129192
no=0.0025230702387037
Dd=0.161681748137846
EBP=61.8367346938776
numVC=1
Hc=0
Hg=0
SPLmax=0
SPLmaxLF=79.8768993513916
USPL=87.1408950362008
alfaVC=0.0039
Rt=0
Ct=0
gamma=262.656783887723
Rme=14.0259930296985
Mpow=3.74512924072033
Mcost=0
Gloss=0.0601261184491796
VCCon=1
c=343.684120962152
roo=1.20095217714682
Thick=0
Depth=0
MagDepth=0
Magnet=0
Basket=0
Outer=0
Vcd=0
DVol=0
ParState=CENCEEECCEECEECCECCENCCENNNCCNNNCCCCNCNNNNNNNNNCC

[Box]
BType=1
Vf=0
Ff=0
Qlf=10
Qaf=100
Qpf=100
Vr=0.05975
Fr=28.72
Qlr=10
Qar=100
Qpr=100
Vc=0
Fc=0
Qlc=0
Qac=0
Qpc=0
Qiclfr=100
Qiclfc=0
Qiclcr=0
T=293.15
p=101325
phi=0.3
d=1
Med=0
Nd=1
Angle=0
Isobarik=0
alfaVC=0.0039
dTVC=0
Sdfport=0
Sdrport=0.0045

[VentFront]
Num=1
Shape=1
Fb=0
Vb=0
dia1=0.102
dia2=0.102
carea=0
len=0
endcorrection=0.732
crosscalc=1

[VentRear]
Num=1
Shape=2
Fb=28.72
Vb=0.05975
dia1=0.3
dia2=0.015
carea=0.0045
len=0.217782093131227
endcorrection=0.732
crosscalc=1

[VentIntra]
Num=1
Shape=1
Fb=0
Vb=0
dia1=0.102
dia2=0.102
carea=0
len=0
endcorrection=0.732
crosscalc=1

[PlotSettings]
Color=1355540
Width=1

[SignalSource]
Rg=0.1
P=10

[Filters]
Count=0

[SimulatorOptions]
VCInd=1
FlatResponse=0
TLPorts=0
