[ProjectInfo]
Description=
Creator=Anat Drori Ronen
CreateDate=20220927
ModifyDate=20220927

[Driver]
Brand=Dayton Audio
Model=RS180-8
Manufacturer=Dayton Audio
ProvidedBy=Anat Drori Ronen
Comment=
DateAdded=20220505
DateModified=20220505
Qts=0.312439024390244
Znom=10
Fs=35.7
Pe=0
SPL=86.3087759219998
Re=6.39678392502979
Le=0.00073
fLe=0
KLe=0
BL=7.82
Xmax=0.006
Cms=0.00112
Qms=1.22
Qes=0.42
Rms=3.26267685541215
Mms=0.0179
Sd=0.01247
Vas=0.02470560978984
Dia=0
Vd=0.00007482
no=0.00260274889601861
Dd=0.126005147207753
EBP=85
numVC=1
Hc=0
Hg=0
SPLmax=0
SPLmaxLF=78.0447656770846
USPL=87.2848878218116
alfaVC=0.0039
Rt=0
Ct=0
gamma=436.871508379888
Rme=9.55986644487374
Mpow=3.09190336926524
Mcost=0
Gloss=0.0324842808223332
VCCon=1
c=343.684120962152
roo=1.20095217714682
Thick=0.005
Depth=0.076
MagDepth=0.027
Magnet=0.11
Basket=0.146
Outer=0.1805
Vcd=0
DVol=0.0000748
ParState=CENCCENNEEEEEECCEECCNCCENNNCCNNNCCCCNCEEEEEENENCC

[Box]
BType=1
Vf=0
Ff=0
Qlf=10
Qaf=100
Qpf=100
Vr=0.01411
Fr=50.24
Qlr=10
Qar=100
Qpr=100
Vc=0
Fc=0
Qlc=0
Qac=0
Qpc=0
Qiclfr=100
Qiclfc=0
Qiclcr=0
T=293.15
p=101325
phi=0.3
d=1
Med=0
Nd=1
Angle=0
Isobarik=0
alfaVC=0.0039
dTVC=0
Sdfport=0
Sdrport=0.00817128249198705

[VentFront]
Num=1
Shape=1
Fb=0
Vb=0
dia1=0.102
dia2=0.102
carea=0
len=0
endcorrection=0.732
crosscalc=1

[VentRear]
Num=1
Shape=1
Fb=50.24
Vb=0.01411
dia1=0.102
dia2=0.102
carea=0.00817128249198705
len=0.611808504917419
endcorrection=0.732
crosscalc=1

[VentIntra]
Num=1
Shape=1
Fb=0
Vb=0
dia1=0.102
dia2=0.102
carea=0
len=0
endcorrection=0.732
crosscalc=1

[PlotSettings]
Color=1355540
Width=1

[SignalSource]
Rg=0.1
P=1

[Filters]
Count=0

[SimulatorOptions]
VCInd=1
FlatResponse=0
TLPorts=0
