[ProjectInfo]
Description=
Creator=Anat Drori Ronen
CreateDate=20230306
ModifyDate=20230306

[Driver]
Brand=Dayton Audio
Model=DC160-8
Manufacturer=Dayton Audio
ProvidedBy=Anat Drori Ronen
Comment=
DateAdded=20230306
DateModified=20230306
Qts=0.34259067357513
Znom=10
Fs=35.7
Pe=0
SPL=85.3440073924173
Re=6.6
Le=0.00226
fLe=1000
KLe=0.179142393851792
BL=10.6841019100042
Xmax=0.00315
Cms=0.000678322480985553
Qms=3.48
Qes=0.38
Rms=1.88858467332268
Mms=0.0293
Sd=0.0136391116987692
Vas=0.0179
Dia=0
Vd=0.000042963201851123
no=0.00208427691297643
Dd=0.131779574934559
EBP=93.9473684210526
numVC=1
Hc=0
Hg=0
SPLmax=0
SPLmaxLF=73.2263443974594
USPL=86.1842967474844
alfaVC=0.0039
Rt=0
Ct=0
gamma=364.645116382397
Rme=17.2954596399024
Mpow=4.1587810281262
Mcost=0
Gloss=0.0618748206139681
VCCon=1
c=343.684120962152
roo=1.20095217714682
Thick=0.007
Depth=0.082
MagDepth=0.04
Magnet=0.08
Basket=0.144
Outer=0.165
Vcd=0.035
DVol=0.000456193795816962
ParState=CENCEEECCEECEECCECCENCCENNNCCNNNCCCCNCEEEEEEECNCC

[Box]
BType=1
Vf=0
Ff=0
Qlf=10
Qaf=100
Qpf=100
Vr=0.01304
Fr=47.85
Qlr=10
Qar=100
Qpr=100
Vc=0
Fc=0
Qlc=0
Qac=0
Qpc=0
Qiclfr=100
Qiclfc=0
Qiclcr=0
T=293.15
p=101325
phi=0.3
d=1
Med=0
Nd=1
Angle=0
Isobarik=0
alfaVC=0.0039
dTVC=0
Sdfport=0
Sdrport=0.004

[VentFront]
Num=1
Shape=1
Fb=0
Vb=0
dia1=0.102
dia2=0.102
carea=0
len=0
endcorrection=0.732
crosscalc=1

[VentRear]
Num=1
Shape=2
Fb=47.85
Vb=0.01304
dia1=0.02
dia2=0.2
carea=0.004
len=0.348606992729189
endcorrection=0.732
crosscalc=1

[VentIntra]
Num=1
Shape=1
Fb=0
Vb=0
dia1=0.102
dia2=0.102
carea=0
len=0
endcorrection=0.732
crosscalc=1

[PlotSettings]
Color=1355540
Width=1

[SignalSource]
Rg=0.1
P=1

[Filters]
Count=0

[SimulatorOptions]
VCInd=1
FlatResponse=0
TLPorts=0
