[ProjectInfo]
Description=
Creator=Anat Drori Ronen
CreateDate=20221005
ModifyDate=20221005

[Driver]
Brand=Dayton Audio
Model=Epique E180HE-44
Manufacturer=Dayton Audio
ProvidedBy=Anat Drori Ronen
Comment=
DateAdded=20221005
DateModified=20221005
Qts=0.455965417867435
Znom=10
Fs=35
Pe=0
SPL=83.1104056015597
Re=6.8
Le=0.0015
fLe=1000
KLe=0.11889981892818
BL=9.48687576397911
Xmax=0.0147
Cms=0.000636239771694429
Qms=2.93
Qes=0.54
Rms=2.43929122420368
Mms=0.0325
Sd=0.0133726979212228
Vas=0.01614
Dia=0
Vd=0.000196578659441975
no=0.0012462214982733
Dd=0.13048619778773
EBP=64.8148148148148
numVC=1
Hc=0
Hg=0
SPLmax=0
SPLmaxLF=86.4351389817018
USPL=83.8210451849832
alfaVC=0.0039
Rt=0
Ct=0
gamma=291.903869660896
Rme=13.2354134942903
Mpow=3.63805078225831
Mcost=0
Gloss=0.0137945492928798
VCCon=1
c=343.684120962152
roo=1.20095217714682
Thick=0.0063
Depth=0.1097
MagDepth=0.05
Magnet=0.125
Basket=0.151
Outer=0.1815
Vcd=0.038
DVol=0.000979776004763679
ParState=CENCEEECCEECEECCECCENCCENNNCCNNNCCCCNCEEEEEEECNCC

[Box]
BType=1
Vf=0
Ff=0
Qlf=10
Qaf=100
Qpf=100
Vr=0.023
Fr=33
Qlr=10
Qar=100
Qpr=100
Vc=0
Fc=0
Qlc=0
Qac=0
Qpc=0
Qiclfr=100
Qiclfc=0
Qiclcr=0
T=293.15
p=101325
phi=0.3
d=1
Med=0
Nd=1
Angle=0
Isobarik=0
alfaVC=0.0039
dTVC=0
Sdfport=0
Sdrport=0.00196349540849362

[VentFront]
Num=1
Shape=1
Fb=0
Vb=0
dia1=0.102
dia2=0.102
carea=0
len=0
endcorrection=0.732
crosscalc=1

[VentRear]
Num=1
Shape=1
Fb=33
Vb=0.023
dia1=0.05
dia2=0.2
carea=0.00196349540849362
len=0.197948884515267
endcorrection=0.732
crosscalc=1

[VentIntra]
Num=1
Shape=1
Fb=0
Vb=0
dia1=0.102
dia2=0.102
carea=0
len=0
endcorrection=0.732
crosscalc=1

[PlotSettings]
Color=1355540
Width=1

[SignalSource]
Rg=0.1
P=4.94705882352941

[Filters]
Count=1
filter0type=4
filter0params=0;0;1.0000000000000000E+001;2.9999999999999999E-002;-6.0000000000000000E+000

[SimulatorOptions]
VCInd=1
FlatResponse=0
TLPorts=0
