[ProjectInfo]
Description=
Creator=Anat Drori Ronen
CreateDate=20221204
ModifyDate=20221204

[Driver]
Brand=Dayton Audio
Model=DSA115-8
Manufacturer=Dayton Audio
ProvidedBy=Anat Drori Ronen
Comment=
DateAdded=20221204
DateModified=20221204
Qts=0.41897233201581
Znom=8
Fs=63.25
Pe=0
SPL=84.7992756241035
Re=5.9
Le=0.00063
fLe=1000
KLe=0.0499379239498357
BL=5.44434541969493
Xmax=0.0041
Cms=0.000945027400692839
Qms=2
Qes=0.53
Rms=1.33132842677501
Mms=0.0067
Sd=0.00543504405203073
Vas=0.00396
Dia=0
Vd=0.000022283680613326
no=0.00183857877051608
Dd=0.0831872166526994
EBP=119.339622641509
numVC=1
Hc=0
Hg=0
SPLmax=0
SPLmaxLF=67.5241501036987
USPL=86.1264842181679
alfaVC=0.0039
Rt=0
Ct=0
gamma=812.588868611184
Rme=5.02388085575477
Mpow=2.24140153826903
Mcost=0
Gloss=0.0151445377622755
VCCon=1
c=343.684120962152
roo=1.20095217714682
Thick=0.0028
Depth=0.0519
MagDepth=0.025
Magnet=0.08
Basket=0.0936
Outer=0.1156
Vcd=0.0254
DVol=0.000193821695427601
ParState=CENCEEECCEECEECCECCENCCENNNCCNNNCCCCNCEEEEEEECNCC

[Box]
BType=0
Vf=0
Ff=0
Qlf=10
Qaf=100
Qpf=100
Vr=0.00123
Fr=135.434894363085
Qlr=10
Qar=100
Qpr=100
Vc=0
Fc=0
Qlc=0
Qac=0
Qpc=0
Qiclfr=100
Qiclfc=0
Qiclcr=0
T=293.15
p=101325
phi=0.3
d=1
Med=0
Nd=1
Angle=0
Isobarik=0
alfaVC=0.0039
dTVC=0
Sdfport=0
Sdrport=0

[VentFront]
Num=1
Shape=1
Fb=0
Vb=0
dia1=0.102
dia2=0.102
carea=0
len=0
endcorrection=0.732
crosscalc=1

[VentRear]
Num=1
Shape=1
Fb=0
Vb=0
dia1=0.102
dia2=0.102
carea=0
len=0
endcorrection=0.732
crosscalc=1

[VentIntra]
Num=1
Shape=1
Fb=0
Vb=0
dia1=0.102
dia2=0.102
carea=0
len=0
endcorrection=0.732
crosscalc=1

[PlotSettings]
Color=16719647
Width=1

[SignalSource]
Rg=0.1
P=1

[Filters]
Count=0

[SimulatorOptions]
VCInd=1
FlatResponse=0
TLPorts=0
