[ProjectInfo]
Description=
Creator=Anat Drori Ronen
CreateDate=20220505
ModifyDate=20220529

[Driver]
Brand=Dayton Audio
Model=RS225-8
Manufacturer=Dayton Audio
ProvidedBy=Anat Drori Ronen
Comment=
DateAdded=20220505
DateModified=20220505
Qts=0.377969543147208
Znom=10
Fs=28.3
Pe=0
SPL=86.8
Re=6.5
Le=0.00086
fLe=0
KLe=0
BL=9.05
Xmax=0.007
Cms=0.00088
Qms=1.46
Qes=0.51
Rms=4.37721791657761
Mms=0.0358
Sd=0.02138
Vas=0.0568
Dia=0
Vd=0.00014966
no=0.00245481518718965
Dd=0.164990489018118
EBP=55.4901960784314
numVC=1
Hc=0
Hg=0
SPLmax=0
SPLmaxLF=84.0665264175812
USPL=87.7065951440572
alfaVC=0.0039
Rt=0
Ct=0
gamma=252.793296089386
Rme=12.481855611992
Mpow=3.54970204600113
Mcost=0
Gloss=0.0443088040254383
VCCon=1
c=343.684120962152
roo=1.20095217714682
Thick=0.005
Depth=0.084
MagDepth=0.025
Magnet=0.12
Basket=0.184
Outer=0.223
Vcd=0
DVol=0.00015
ParState=CENEEENNEEEEEECCEECENCCENNNCCNNNCCCCNCEEEEEENENCC

[Box]
BType=1
Vf=0
Ff=0
Qlf=10
Qaf=100
Qpf=100
Vr=0.055
Fr=30
Qlr=10
Qar=100
Qpr=100
Vc=0
Fc=0
Qlc=0
Qac=0
Qpc=0
Qiclfr=100
Qiclfc=0
Qiclcr=0
T=293.15
p=101325
phi=0.3
d=1
Med=0
Nd=1
Angle=0
Isobarik=0
alfaVC=0.0039
dTVC=0
Sdfport=0
Sdrport=0.00196349540849362

[VentFront]
Num=1
Shape=1
Fb=0
Vb=0
dia1=0.102
dia2=0.102
carea=0
len=0
endcorrection=0.732
crosscalc=1

[VentRear]
Num=1
Shape=1
Fb=30
Vb=0.055
dia1=0.05
dia2=0.01
carea=0.00196349540849362
len=0.0820817355647252
endcorrection=0.732
crosscalc=1

[VentIntra]
Num=1
Shape=1
Fb=0
Vb=0
dia1=0.102
dia2=0.102
carea=0
len=0
endcorrection=0.732
crosscalc=1

[PlotSettings]
Color=1355540
Width=1

[SignalSource]
Rg=0.1
P=1

[Filters]
Count=0

[SimulatorOptions]
VCInd=0
FlatResponse=0
TLPorts=0
