[ProjectInfo]
Description=
Creator=Anat Drori Ronen
CreateDate=20221203
ModifyDate=20221203

[Driver]
Brand=Dayton Audio
Model=RS100-8
Manufacturer=Dayton Audio
ProvidedBy=Anat Drori Ronen
Comment=
DateAdded=20221203
DateModified=20221203
Qts=0.575463258785943
Znom=10
Fs=92.2
Pe=0
SPL=83.7204186488722
Re=6.4
Le=0.0005
fLe=1000
KLe=0.0396332729760601
BL=4.208156648794
Xmax=0.0035
Cms=0.000820865108692109
Qms=2.37
Qes=0.76
Rms=0.88729711296148
Mms=0.00363
Sd=0.00350436873170033
Vas=0.00143
Dia=0
Vd=0.0000122652905609511
no=0.00143415649348878
Dd=0.0667974613928873
EBP=121.315789473684
numVC=1
Hc=0
Hg=0
SPLmax=0
SPLmaxLF=62.3379684191734
USPL=84.6943476195191
alfaVC=0.0039
Rt=0
Ct=0
gamma=1159.27180407548
Rme=2.7669659969983
Mpow=1.66341997012129
Mcost=0
Gloss=0.00834893447140124
VCCon=1
c=343.684120962152
roo=1.20095217714682
Thick=0.003
Depth=0.048
MagDepth=0.023
Magnet=0.07
Basket=0.077
Outer=0.098
Vcd=0.025
DVol=0.000132737770275421
ParState=CENCEEECCEECEECCECCENCCENNNCCNNNCCCCNCEEEEEEECNCC

[Box]
BType=0
Vf=0
Ff=0
Qlf=10
Qaf=100
Qpf=100
Vr=0.001
Fr=148.231795916115
Qlr=10
Qar=100
Qpr=100
Vc=0
Fc=0
Qlc=0
Qac=0
Qpc=0
Qiclfr=100
Qiclfc=0
Qiclcr=0
T=293.15
p=101325
phi=0.3
d=1
Med=0
Nd=1
Angle=0
Isobarik=0
alfaVC=0.0039
dTVC=0
Sdfport=0
Sdrport=0

[VentFront]
Num=1
Shape=1
Fb=0
Vb=0
dia1=0.102
dia2=0.102
carea=0
len=0
endcorrection=0.732
crosscalc=1

[VentRear]
Num=1
Shape=1
Fb=0
Vb=0
dia1=0.102
dia2=0.102
carea=0
len=0
endcorrection=0.732
crosscalc=1

[VentIntra]
Num=1
Shape=1
Fb=0
Vb=0
dia1=0.102
dia2=0.102
carea=0
len=0
endcorrection=0.732
crosscalc=1

[PlotSettings]
Color=16719647
Width=1

[SignalSource]
Rg=0.1
P=1

[Filters]
Count=0

[SimulatorOptions]
VCInd=0
FlatResponse=0
TLPorts=0
