[ProjectInfo]
Description=
Creator=Anat Drori Ronen
CreateDate=20241024
ModifyDate=20241024

[Driver]
Brand=Dayton Audio
Model=DCS205-4
Manufacturer=Dayton Audio
ProvidedBy=Anat Drori Ronen
Comment=
DateAdded=20241024
DateModified=20241024
Qts=0.37593984962406
Znom=6
Fs=32.3
Pe=0
SPL=85.602379963664
Re=3.9
Le=0.00178
fLe=1000
KLe=0.141094451794774
BL=10.6851693513124
Xmax=0.0088
Cms=0.000420784181892136
Qms=6.25
Qes=0.4
Rms=1.87360564621499
Mms=0.0577
Sd=0.0212681568881533
Vas=0.027
Dia=0
Vd=0.000187159780615749
no=0.00221203846748214
Dd=0.164558373818011
EBP=80.75
numVC=1
Hc=0
Hg=0
SPLmax=0
SPLmaxLF=86.0086621488561
USPL=88.7274626038848
alfaVC=0.0039
Rt=0
Ct=0
gamma=185.184910767979
Rme=29.2750882221092
Mpow=5.41064582301495
Mcost=0
Gloss=0.0270566000553682
VCCon=1
c=343.684120962152
roo=1.20095217714682
Thick=0.01
Depth=0.0975
MagDepth=0.025
Magnet=0.12
Basket=0.18
Outer=0.208
Vcd=0.0385
DVol=0.000945108204339894
ParState=CENCEEECCEECEECCECCENCCENNNCCNNNCCCCNCEEEEEEECNCC

[Box]
BType=1
Vf=0
Ff=0
Qlf=10
Qaf=100
Qpf=100
Vr=0.022
Fr=40
Qlr=10
Qar=100
Qpr=100
Vc=0
Fc=0
Qlc=0
Qac=0
Qpc=0
Qiclfr=100
Qiclfc=0
Qiclcr=0
T=293.15
p=101325
phi=0.3
d=1
Med=0
Nd=1
Angle=0
Isobarik=0
alfaVC=0.0039
dTVC=0
Sdfport=0
Sdrport=0.00315

[VentFront]
Num=1
Shape=1
Fb=0
Vb=0
dia1=0.102
dia2=0.102
carea=0
len=0
endcorrection=0.732
crosscalc=1

[VentRear]
Num=1
Shape=2
Fb=40
Vb=0.022
dia1=0.015
dia2=0.21
carea=0.00315
len=0.221390874992962
endcorrection=0.732
crosscalc=1

[VentIntra]
Num=1
Shape=1
Fb=0
Vb=0
dia1=0.102
dia2=0.102
carea=0
len=0
endcorrection=0.732
crosscalc=1

[PlotSettings]
Color=1355540
Width=1

[SignalSource]
Rg=0.1
P=19.9

[Filters]
Count=0

[SimulatorOptions]
VCInd=1
FlatResponse=0
TLPorts=0
