[ProjectInfo]
Description=
Creator=Anat Drori Ronen
CreateDate=20230610
ModifyDate=20230610

[Driver]
Brand=Dayton Audio
Model=SD270A-88
Manufacturer=Dayton Audio
ProvidedBy=Anat Drori Ronen
Comment=
DateAdded=20230610
DateModified=20230610
Qts=0.432975871313673
Znom=4
Fs=26.2
Pe=0
SPL=87.906689904169
Re=3.16
Le=0.00112
fLe=1000
KLe=0.0887785314663747
BL=7.74795385606176
Xmax=0.006
Cms=0.000639531392585291
Qms=3.23
Qes=0.5
Rms=2.94072524962095
Mms=0.0577
Sd=0.034423178932748
Vas=0.1075
Dia=0
Vd=0.000206539073596488
no=0.0037603101689291
Dd=0.209353654548157
EBP=52.4
numVC=1
Hc=0
Hg=0
SPLmax=0
SPLmaxLF=86.8644560942248
USPL=91.9455477884708
alfaVC=0.0039
Rt=0
Ct=0
gamma=134.279962843358
Rme=18.9970851125513
Mpow=4.35856457019411
Mcost=0
Gloss=0.0603124687740451
VCCon=1
c=343.684120962152
roo=1.20095217714682
Thick=0.0038
Depth=0.1052
MagDepth=0.02
Magnet=0.12
Basket=0.227
Outer=0.27
Vcd=0.0385
DVol=0.00141665835721584
ParState=CENCEEECCEECEECCECCENCCENNNCCNNNCCCCNCEEEEEEECNCC

[Box]
BType=1
Vf=0
Ff=0
Qlf=10
Qaf=100
Qpf=100
Vr=0.0955
Fr=24.8
Qlr=10
Qar=100
Qpr=100
Vc=0
Fc=0
Qlc=0
Qac=0
Qpc=0
Qiclfr=100
Qiclfc=0
Qiclcr=0
T=293.15
p=101325
phi=0.3
d=1
Med=0
Nd=1
Angle=0
Isobarik=0
alfaVC=0.0039
dTVC=0
Sdfport=0
Sdrport=0.008

[VentFront]
Num=1
Shape=1
Fb=0
Vb=0
dia1=0.102
dia2=0.102
carea=0
len=0
endcorrection=0.732
crosscalc=1

[VentRear]
Num=1
Shape=2
Fb=24.8
Vb=0.0955
dia1=0.4
dia2=0.02
carea=0.008
len=0.333636602777248
endcorrection=0.732
crosscalc=1

[VentIntra]
Num=1
Shape=1
Fb=0
Vb=0
dia1=0.102
dia2=0.102
carea=0
len=0
endcorrection=0.732
crosscalc=1

[PlotSettings]
Color=1355540
Width=1

[SignalSource]
Rg=0.1
P=19.75

[Filters]
Count=0

[SimulatorOptions]
VCInd=1
FlatResponse=0
TLPorts=0
