[ProjectInfo]
Description=
Creator=Anat Drori Ronen
CreateDate=20220927
ModifyDate=20220927

[Driver]
Brand=GRS
Model=10SW-4
Manufacturer=GRS
ProvidedBy=Anat Drori Ronen
Comment=
DateAdded=20220927
DateModified=20220927
Qts=0.79107433808554
Znom=6
Fs=47
Pe=0
SPL=85.4990949466863
Re=3.96
Le=0.00044
fLe=1000
KLe=0.0348772802189329
BL=9.5
Xmax=0.0085
Cms=0.000137409957850324
Qms=2.83
Qes=1.098
Rms=8.70798418818177
Mms=0.08345
Sd=0.03445
Vas=0.023490464491352
Dia=0
Vd=0.000292825
no=0.00216005183658968
Dd=0.20943519836963
EBP=42.8051001821494
numVC=1
Hc=0
Hg=0
SPLmax=0
SPLmaxLF=89.8965746389997
USPL=88.5578717979169
alfaVC=0.0039
Rt=0
Ct=0
gamma=113.840623127621
Rme=22.4440758219986
Mpow=4.77392962248126
Mcost=0
Gloss=0.0132295873241303
VCCon=1
c=343.684120962152
roo=1.20095217714682
Thick=0.006
Depth=0.127
MagDepth=0.04
Magnet=0.06
Basket=0.228
Outer=0.254
Vcd=0.051
DVol=0.00141466987339841
ParState=CENCEEECEEECEECCEECCNCCENNNCCNNNCCCCNCEEEEEEECNCC

[Box]
BType=1
Vf=0
Ff=0
Qlf=10
Qaf=100
Qpf=100
Vr=0.035
Fr=35
Qlr=10
Qar=100
Qpr=100
Vc=0
Fc=0
Qlc=0
Qac=0
Qpc=0
Qiclfr=100
Qiclfc=0
Qiclcr=0
T=293.15
p=101325
phi=0.3
d=1
Med=0
Nd=1
Angle=0
Isobarik=0
alfaVC=0.0039
dTVC=0
Sdfport=0
Sdrport=0.0038484510006475

[VentFront]
Num=1
Shape=1
Fb=0
Vb=0
dia1=0.102
dia2=0.102
carea=0
len=0
endcorrection=0.732
crosscalc=1

[VentRear]
Num=1
Shape=1
Fb=35
Vb=0.035
dia1=0.07
dia2=0.102
carea=0.0038484510006475
len=0.217319813049321
endcorrection=0.732
crosscalc=1

[VentIntra]
Num=1
Shape=1
Fb=0
Vb=0
dia1=0.102
dia2=0.102
carea=0
len=0
endcorrection=0.732
crosscalc=1

[PlotSettings]
Color=1355540
Width=1

[SignalSource]
Rg=0.1
P=1

[Filters]
Count=0

[SimulatorOptions]
VCInd=0
FlatResponse=0
TLPorts=0
