[ProjectInfo]
Description=
Creator=Anat Drori Ronen
CreateDate=20221224
ModifyDate=20221225

[Driver]
Brand=Markaudio
Model=CHN-50
Manufacturer=Markaudio
ProvidedBy=Anat Drori Ronen
Comment=
DateAdded=20221224
DateModified=20221224
Qts=0.552479738376226
Znom=6
Fs=113.16
Pe=0
SPL=85.6777356733769
Re=3.4
Le=0.00006
fLe=1000
KLe=0.00475599275712721
BL=2.71098565998562
Xmax=0.0035
Cms=0.000947787829484429
Qms=2.83
Qes=0.6865
Rms=0.524360090438226
Mms=0.0020871
Sd=0.00285579106283209
Vas=0.0010965
Dia=0
Vd=9.99526871991232E-6
no=0.00225075511652496
Dd=0.060300133604322
EBP=164.836125273125
numVC=1
Hc=0
Hg=0
SPLmax=0
SPLmaxLF=60.5603010896966
USPL=89.3986752134402
alfaVC=0.0039
Rt=0
Ct=0
gamma=1298.924661006
Rme=2.1616009554846
Mpow=1.47023840090123
Mcost=0
Gloss=0.0055425167841274
VCCon=1
c=343.684120962152
roo=1.20095217714682
Thick=0.0029
Depth=0.0427
MagDepth=0.02
Magnet=0.065
Basket=0.07
Outer=0.103
Vcd=0.02
DVol=0.0000975191905704624
ParState=CENCEEECCEECEECCECCENCCENNNCCNNNCCCCNCEEEEEEECNCC

[Box]
BType=1
Vf=0
Ff=0
Qlf=10
Qaf=100
Qpf=100
Vr=0.0019
Fr=96
Qlr=10
Qar=100
Qpr=100
Vc=0
Fc=0
Qlc=0
Qac=0
Qpc=0
Qiclfr=100
Qiclfc=0
Qiclcr=0
T=293.15
p=101325
phi=0.3
d=1
Med=0
Nd=1
Angle=0
Isobarik=0
alfaVC=0.0039
dTVC=0
Sdfport=0
Sdrport=0.0011

[VentFront]
Num=1
Shape=1
Fb=0
Vb=0
dia1=0.102
dia2=0.102
carea=0
len=0
endcorrection=0.732
crosscalc=1

[VentRear]
Num=1
Shape=2
Fb=96
Vb=0.0019
dia1=0.01
dia2=0.11
carea=0.0011
len=0.160561392755681
endcorrection=0.732
crosscalc=1

[VentIntra]
Num=1
Shape=1
Fb=0
Vb=0
dia1=0.102
dia2=0.102
carea=0
len=0
endcorrection=0.732
crosscalc=1

[PlotSettings]
Color=1355540
Width=1

[SignalSource]
Rg=0.1
P=7.06176470588235

[Filters]
Count=0

[SimulatorOptions]
VCInd=1
FlatResponse=0
TLPorts=0
