[ProjectInfo]
Description=
Creator=Anat Drori Ronen
CreateDate=20221223
ModifyDate=20221224

[Driver]
Brand=Markaudio
Model=CHR-70
Manufacturer=Markaudio
ProvidedBy=Anat Drori Ronen
Comment=
DateAdded=20221223
DateModified=20221223
Qts=0.547880597014925
Znom=10
Fs=65.4
Pe=0
SPL=85.2470135387155
Re=7.2
Le=0.000032
fLe=1000
KLe=0.00253652947046785
BL=4.19288006228422
Xmax=0.0043
Cms=0.00144444466744314
Qms=2.66
Qes=0.69
Rms=0.633373424160577
Mms=0.0041
Sd=0.0050231077302451
Vas=0.00517
Dia=0
Vd=0.0000215993632400539
no=0.00203824334318204
Dd=0.0799726165610014
EBP=94.7826086956522
numVC=1
Hc=0
Hg=0
SPLmax=0
SPLmaxLF=67.2532305622974
USPL=85.7094172848886
alfaVC=0.0039
Rt=0
Ct=0
gamma=1022.65367372786
Rme=2.44170044676396
Mpow=1.56259414012851
Mcost=0
Gloss=0.013506318493424
VCCon=1
c=343.684120962152
roo=1.20095217714682
Thick=0.006
Depth=0.05
MagDepth=0.025
Magnet=0.0695
Basket=0.102
Outer=0.124
Vcd=0.02
DVol=0.000149787352960314
ParState=CENCEEECCEECEECCECCENCCENNNCCNNNCCCCNCEEEEEEECNCC

[Box]
BType=1
Vf=0
Ff=0
Qlf=10
Qaf=100
Qpf=100
Vr=0.01
Fr=55
Qlr=10
Qar=100
Qpr=100
Vc=0
Fc=0
Qlc=0
Qac=0
Qpc=0
Qiclfr=100
Qiclfc=0
Qiclcr=0
T=293.15
p=101325
phi=0.3
d=1
Med=0
Nd=1
Angle=0
Isobarik=0
alfaVC=0.0039
dTVC=0
Sdfport=0
Sdrport=0.0013

[VentFront]
Num=1
Shape=1
Fb=0
Vb=0
dia1=0.102
dia2=0.102
carea=0
len=0
endcorrection=0.732
crosscalc=1

[VentRear]
Num=1
Shape=2
Fb=55
Vb=0.01
dia1=0.01
dia2=0.13
carea=0.0013
len=0.0988002102175213
endcorrection=0.732
crosscalc=1

[VentIntra]
Num=1
Shape=1
Fb=0
Vb=0
dia1=0.102
dia2=0.102
carea=0
len=0
endcorrection=0.732
crosscalc=1

[PlotSettings]
Color=1355540
Width=1

[SignalSource]
Rg=0.1
P=5

[Filters]
Count=0

[SimulatorOptions]
VCInd=1
FlatResponse=0
TLPorts=0
