[ProjectInfo]
Description=
Creator=jon
CreateDate=20241020
ModifyDate=20241020

[Driver]
Brand=Markaudio
Model=CHN-110
Manufacturer=Markaudio
ProvidedBy=jon
Comment=
DateAdded=20241020
DateModified=20241020
Qts=0.411017964071856
Znom=10
Fs=44.16
Pe=0
SPL=88.503967296912
Re=6.8
Le=0.00028
fLe=1000
KLe=0.0221946328665937
BL=5.87135176821015
Xmax=0.008
Cms=0.00148109371996125
Qms=2.86
Qes=0.48
Rms=0.850829409775347
Mms=0.00877
Sd=0.0108492187010951
Vas=0.02473
Dia=0
Vd=0.0000867937496087611
no=0.00431470798488574
Dd=0.117531503350015
EBP=92
numVC=1
Hc=0
Hg=0
SPLmax=0
SPLmaxLF=79.3341806176186
USPL=89.2146068803355
alfaVC=0.0039
Rt=0
Ct=0
gamma=669.481387481203
Rme=5.06952523324478
Mpow=2.25156062171214
Mcost=0
Gloss=0.0159225573727605
VCCon=1
c=343.684120962152
roo=1.20095217714682
Thick=0.0028
Depth=0.0757
MagDepth=0.02
Magnet=0.11
Basket=0.1325
Outer=0.1715
Vcd=0.03
DVol=0.000456040314037504
ParState=CENCEEECCEECEECCECCENCCENNNCCNNNCCCCNCEEEEEEECNCC

[Box]
BType=1
Vf=0
Ff=0
Qlf=10
Qaf=100
Qpf=100
Vr=0.025
Fr=39
Qlr=10
Qar=100
Qpr=100
Vc=0
Fc=0
Qlc=0
Qac=0
Qpc=0
Qiclfr=100
Qiclfc=0
Qiclcr=0
T=293.15
p=101325
phi=0.3
d=1
Med=0
Nd=1
Angle=0
Isobarik=0
alfaVC=0.0039
dTVC=0
Sdfport=0
Sdrport=0.001661902513749

[VentFront]
Num=1
Shape=1
Fb=0
Vb=0
dia1=0.102
dia2=0.102
carea=0
len=0
endcorrection=0.732
crosscalc=1

[VentRear]
Num=1
Shape=1
Fb=39
Vb=0.025
dia1=0.046
dia2=0.102
carea=0.001661902513749
len=0.0970942048286174
endcorrection=0.732
crosscalc=1

[VentIntra]
Num=1
Shape=1
Fb=0
Vb=0
dia1=0.102
dia2=0.102
carea=0
len=0
endcorrection=0.732
crosscalc=1

[PlotSettings]
Color=1355540
Width=1

[SignalSource]
Rg=0.1
P=9.88823529411765

[Filters]
Count=0

[SimulatorOptions]
VCInd=1
FlatResponse=0
TLPorts=1
