[ProjectInfo]
Description=
Creator=jon
CreateDate=20241026
ModifyDate=20241026

[Driver]
Brand=Monacor
Model=SPX-30M
Manufacturer=Monacor
ProvidedBy=jon
Comment=
DateAdded=20241026
DateModified=20241026
Qts=0.707488479262673
Znom=10
Fs=100
Pe=0
SPL=85.0920915500046
Re=6.4
Le=0.00018
fLe=1000
KLe=0.0142679782713816
BL=3.08031098912405
Xmax=0.0011
Cms=0.00120620456717069
Qms=3.45
Qes=0.89
Rms=0.382454757828323
Mms=0.0021
Sd=0.00324342189578465
Vas=0.0018
Dia=0
Vd=3.56776408536311E-6
no=0.00196681645800323
Dd=0.064262376379752
EBP=112.359550561798
numVC=1
Hc=0
Hg=0
SPLmax=0
SPLmaxLF=51.6123341876203
USPL=86.0660205206515
alfaVC=0.0039
Rt=0
Ct=0
gamma=1466.81475672574
Rme=1.4825493421435
Mpow=1.21759982840977
Mcost=0
Gloss=0.0225823042174121
VCCon=1
c=343.684120962152
roo=1.20095217714682
Thick=0.002
Depth=0.053
MagDepth=0.03
Magnet=0.068
Basket=0.071
Outer=0.093
Vcd=0.02
DVol=0.000143964193494174
ParState=CENCEEECCEECEECCECCENCCENNNCCNNNCCCCNCEEEEEEECNCC

[Box]
BType=1
Vf=0
Ff=0
Qlf=10
Qaf=100
Qpf=100
Vr=0.0025
Fr=76.36
Qlr=10
Qar=100
Qpr=100
Vc=0
Fc=0
Qlc=0
Qac=0
Qpc=0
Qiclfr=100
Qiclfc=0
Qiclcr=0
T=293.15
p=101325
phi=0.3
d=1
Med=0
Nd=1
Angle=0
Isobarik=0
alfaVC=0.0039
dTVC=0
Sdfport=0
Sdrport=0.0012

[VentFront]
Num=1
Shape=1
Fb=0
Vb=0
dia1=0.102
dia2=0.102
carea=0
len=0
endcorrection=0.732
crosscalc=1

[VentRear]
Num=1
Shape=2
Fb=76.36
Vb=0.0025
dia1=0.01
dia2=0.12
carea=0.0012
len=0.217689809583702
endcorrection=0.732
crosscalc=1

[VentIntra]
Num=1
Shape=1
Fb=0
Vb=0
dia1=0.102
dia2=0.102
carea=0
len=0
endcorrection=0.732
crosscalc=1

[PlotSettings]
Color=1355540
Width=1

[SignalSource]
Rg=0.1
P=5.1

[Filters]
Count=0

[SimulatorOptions]
VCInd=1
FlatResponse=0
TLPorts=0
