[ProjectInfo]
Description=
Creator=jon
CreateDate=20241026
ModifyDate=20241026

[Driver]
Brand=Monacor
Model=SPX-31M
Manufacturer=Monacor
ProvidedBy=jon
Comment=
DateAdded=20241026
DateModified=20241026
Qts=0.581721628382988
Znom=10
Fs=110
Pe=0
SPL=86.0259897358632
Re=6.4
Le=0.00018
fLe=1000
KLe=0.0142679782713816
BL=3.49002484665451
Xmax=0.0011
Cms=0.00110179625535383
Qms=3.707
Qes=0.69
Rms=0.354244868950778
Mms=0.0019
Sd=0.00288402291070277
Vas=0.0013
Dia=0
Vd=3.17242520177304E-6
no=0.00243867346246526
Dd=0.0605974588396986
EBP=159.420289855072
numVC=1
Hc=0
Hg=0
SPLmax=0
SPLmaxLF=50.5922394250092
USPL=86.9999187065101
alfaVC=0.0039
Rt=0
Ct=0
gamma=1836.85518244974
Rme=1.90316772347903
Mpow=1.37955345075102
Mcost=0
Gloss=0.0186630613367042
VCCon=1
c=343.684120962152
roo=1.20095217714682
Thick=0.002
Depth=0.053
MagDepth=0.028
Magnet=0.068
Basket=0.071
Outer=0.093
Vcd=0.02
DVol=0.000136270777958451
ParState=CENCEEECCEECEECCECCENCCENNNCCNNNCCCCNCEEEEEEECNCC

[Box]
BType=0
Vf=0
Ff=0
Qlf=10
Qaf=100
Qpf=100
Vr=0.001
Fr=171.929196497574
Qlr=10
Qar=100
Qpr=100
Vc=0
Fc=0
Qlc=0
Qac=0
Qpc=0
Qiclfr=100
Qiclfc=0
Qiclcr=0
T=293.15
p=101325
phi=0.3
d=1
Med=0
Nd=1
Angle=0
Isobarik=0
alfaVC=0.0039
dTVC=0
Sdfport=0
Sdrport=0

[VentFront]
Num=1
Shape=1
Fb=0
Vb=0
dia1=0.102
dia2=0.102
carea=0
len=0
endcorrection=0.732
crosscalc=1

[VentRear]
Num=1
Shape=1
Fb=0
Vb=0
dia1=0.102
dia2=0.102
carea=0
len=0
endcorrection=0.732
crosscalc=1

[VentIntra]
Num=1
Shape=1
Fb=0
Vb=0
dia1=0.102
dia2=0.102
carea=0
len=0
endcorrection=0.732
crosscalc=1

[PlotSettings]
Color=16719647
Width=1

[SignalSource]
Rg=0.1
P=5.0765625

[Filters]
Count=0

[SimulatorOptions]
VCInd=1
FlatResponse=0
TLPorts=0
