[ProjectInfo]
Description=
Creator=Anat Drori Ronen
CreateDate=20220925
ModifyDate=20220925

[Driver]
Brand=Morel
Model=CAW428
Manufacturer=Morel
ProvidedBy=Anat Drori Ronen
Comment=
DateAdded=20220925
DateModified=20220925
Qts=0.38415770609319
Znom=8
Fs=74
Pe=0
SPL=88.0147649782876
Re=5.5
Le=0.00032
fLe=1000
KLe=0.0253652947046785
BL=5
Xmax=0.004
Cms=0.00101663586602013
Qms=2.33
Qes=0.46
Rms=0.907960726578269
Mms=0.00455
Sd=0.00561882021468823
Vas=0.0045
Dia=0
Vd=0.0000224752808587529
no=0.0038550603087844
Dd=0.0845819371503063
EBP=160.869565217391
numVC=1
Hc=0
Hg=0
SPLmax=0
SPLmaxLF=67.5985141504552
USPL=89.646866793831
alfaVC=0.0039
Rt=0
Ct=0
gamma=1098.9010989011
Rme=4.59901846288558
Mpow=2.1320071635561
Mcost=0
Gloss=0.0113406385313885
VCCon=1
c=343.684120962152
roo=1.20095217714682
Thick=0.005
Depth=0.045
MagDepth=0.022
Magnet=0.055
Basket=0.094
Outer=0.119
Vcd=0.0051
DVol=0.0000980999181432993
ParState=CENCEEECEEECEECCECCENCCENNNCCNNNCCCCNCEEEEEEECNCC

[Box]
BType=1
Vf=0
Ff=0
Qlf=10
Qaf=100
Qpf=100
Vr=0.004
Fr=82
Qlr=10
Qar=100
Qpr=100
Vc=0
Fc=0
Qlc=0
Qac=0
Qpc=0
Qiclfr=100
Qiclfc=0
Qiclcr=0
T=293.15
p=101325
phi=0.3
d=1
Med=0
Nd=1
Angle=0
Isobarik=0
alfaVC=0.0039
dTVC=0
Sdfport=0
Sdrport=0.00125663706143592

[VentFront]
Num=1
Shape=1
Fb=0
Vb=0
dia1=0.102
dia2=0.102
carea=0
len=0
endcorrection=0.732
crosscalc=1

[VentRear]
Num=1
Shape=1
Fb=82
Vb=0.004
dia1=0.04
dia2=0.102
carea=0.00125663706143592
len=0.110511693288612
endcorrection=0.732
crosscalc=1

[VentIntra]
Num=1
Shape=1
Fb=0
Vb=0
dia1=0.102
dia2=0.102
carea=0
len=0
endcorrection=0.732
crosscalc=1

[PlotSettings]
Color=1355540
Width=1

[SignalSource]
Rg=0.1
P=4.91636363636364

[Filters]
Count=0

[SimulatorOptions]
VCInd=1
FlatResponse=0
TLPorts=0
