[ProjectInfo]
Description=
Creator=Anat Drori Ronen
CreateDate=20220108
ModifyDate=20220108

[Driver]
Brand=Morel
Model=TiW638Ft
Manufacturer=Morel
ProvidedBy=Jon Ronen-Drori
Comment=
DateAdded=20220108
DateModified=20220108
Qts=0.42
Znom=8
Fs=40
Pe=0
SPL=86.3187499875183
Re=5.4
Le=0.00063
fLe=1000
KLe=0.0499379239498357
BL=7.3
Xmax=0.00425
Cms=0.000998
Qms=3.96
Qes=0.47
Rms=1.00677961410128
Mms=0.0155
Sd=0.0106863001340572
Vas=0.0197
Dia=0
Vd=0.0000454167755697433
no=0.00260873327343134
Dd=0.11664570252517
EBP=85.1063829787234
numVC=1
Hc=0
Hg=0
SPLmax=0
SPLmaxLF=73.7087375519949
USPL=88.0305410997744
alfaVC=0.0039
Rt=0
Ct=0
gamma=470.967741935484
Rme=8.28845721372626
Mpow=3.14141982525713
Mcost=0
Gloss=0.0365301979987548
VCCon=1
c=343.684120962152
roo=1.20095217714682
Thick=0.006
Depth=0.063
MagDepth=0.03
Magnet=0.08
Basket=0.14
Outer=0.16
Vcd=0
DVol=0.00035
ParState=CENCEEECEENEEEECECCENCCENNNCCNNNCCCCNCEEEEEENENCC

[Box]
BType=1
Vf=0
Ff=0
Qlf=10
Qaf=100
Qpf=100
Vr=0.0145
Fr=43
Qlr=10
Qar=100
Qpr=100
Vc=0
Fc=0
Qlc=0
Qac=0
Qpc=0
Qiclfr=100
Qiclfc=0
Qiclcr=0
T=293.15
p=101325
phi=0.3
d=1
Med=0
Nd=1
Angle=0
Isobarik=0
alfaVC=0.0039
dTVC=0
Sdfport=0
Sdrport=0.00125663706143592

[VentFront]
Num=1
Shape=1
Fb=0
Vb=0
dia1=0.102
dia2=0.102
carea=0
len=0
endcorrection=0.732
crosscalc=1

[VentRear]
Num=1
Shape=1
Fb=43
Vb=0.0145
dia1=0.04
dia2=0.102
carea=0.00125663706143592
len=0.110957495857612
endcorrection=0.732
crosscalc=1

[VentIntra]
Num=1
Shape=1
Fb=0
Vb=0
dia1=0.102
dia2=0.102
carea=0
len=0
endcorrection=0.732
crosscalc=1

[PlotSettings]
Color=1355540
Width=1

[SignalSource]
Rg=0.1
P=1

[Filters]
Count=1
filter0type=0
filter0params=0;1;1;2.0000000000000000E+003;7.0699999999999996E-001

[SimulatorOptions]
VCInd=1
FlatResponse=0
TLPorts=1
