[ProjectInfo]
Description=
Creator=Anat Drori Ronen
CreateDate=20220317
ModifyDate=20220920

[Driver]
Brand=Morel
Model=CAW938
Manufacturer=Morel
ProvidedBy=Anat Drori Ronen
Comment=
DateAdded=20220317
DateModified=20220317
Qts=0.519866220735786
Znom=10
Fs=29
Pe=0
SPL=86.0954388755236
Re=6.3
Le=0.00062
fLe=0
KLe=0
BL=6.88
Xmax=0.00475
Cms=0.00232
Qms=2.32
Qes=0.67
Rms=1.0196383557386
Mms=0.0275
Sd=0.0219
Vas=0.07
Dia=0
Vd=0.000104025
no=0.002477984390399
Dd=0.166984867666804
EBP=43.2835820895522
numVC=1
Hc=0
Hg=0
SPLmax=0
SPLmaxLF=80.9071660891406
USPL=87.1377620914736
alfaVC=0.0039
Rt=0
Ct=0
gamma=250.181818181818
Rme=7.47886609324734
Mpow=2.74105761074021
Mcost=0
Gloss=0.0621829517220184
VCCon=1
c=343.684120962152
roo=1.20095217714682
Thick=0.005
Depth=0.071
MagDepth=0.05
Magnet=0.08
Basket=0.198
Outer=0.222
Vcd=0.03
DVol=0.000437116838476529
ParState=CENCEENNEENEEECCEECENCCENNNCCNNNCCCCNCEEEEEEECNCC

[Box]
BType=0
Vf=0
Ff=0
Qlf=10
Qaf=100
Qpf=100
Vr=0.01967
Fr=63.982790675726
Qlr=10
Qar=100
Qpr=100
Vc=0
Fc=0
Qlc=0
Qac=0
Qpc=0
Qiclfr=100
Qiclfc=0
Qiclcr=0
T=293.15
p=101325
phi=0.3
d=1
Med=0
Nd=1
Angle=0
Isobarik=0
alfaVC=0.0039
dTVC=0
Sdfport=0
Sdrport=0

[VentFront]
Num=1
Shape=1
Fb=0
Vb=0
dia1=0.102
dia2=0.102
carea=0
len=0
endcorrection=0.732
crosscalc=1

[VentRear]
Num=1
Shape=1
Fb=0
Vb=0
dia1=0.102
dia2=0.102
carea=0
len=0
endcorrection=0.732
crosscalc=1

[VentIntra]
Num=1
Shape=1
Fb=0
Vb=0
dia1=0.102
dia2=0.102
carea=0
len=0
endcorrection=0.732
crosscalc=1

[PlotSettings]
Color=16719647
Width=1

[SignalSource]
Rg=0.1
P=2.93492063492063

[Filters]
Count=0

[SimulatorOptions]
VCInd=1
FlatResponse=0
TLPorts=0
