[ProjectInfo]
Description=
Creator=Anat Drori Ronen
CreateDate=20220910
ModifyDate=20220910

[Driver]
Brand=Morel
Model=EW638
Manufacturer=Morel
ProvidedBy=Anat Drori Ronen
Comment=
DateAdded=20220910
DateModified=20220910
Qts=0.317571428571429
Znom=8
Fs=39
Pe=0
SPL=86.9252382125636
Re=5
Le=0.00052
fLe=1000
KLe=0.0412186038951025
BL=7.05
Xmax=0.006
Cms=0.001062
Qms=1.71
Qes=0.39
Rms=2.24716466598125
Mms=0.016
Sd=0.0117858776591995
Vas=0.02028
Dia=0
Vd=0.0000707152659551967
no=0.00299970467536541
Dd=0.122499981653482
EBP=100
numVC=1
Hc=0
Hg=0
SPLmax=0
SPLmaxLF=77.5546751811312
USPL=88.9712668796892
alfaVC=0.0039
Rt=0
Ct=0
gamma=440.625
Rme=10.0530964914873
Mpow=3.1528558482747
Mcost=0
Gloss=0.0272195207529622
VCCon=1
c=343.684120962152
roo=1.20095217714682
Thick=0.006
Depth=0.063
MagDepth=0.04
Magnet=0.095
Basket=0.14
Outer=0.16
Vcd=0.0762
DVol=0.000465056566877933
ParState=CENCEEECEEEEEECCECCENCCENNNCCNNNCCCCNCEEEEEEECNCC

[Box]
BType=1
Vf=0
Ff=0
Qlf=10
Qaf=100
Qpf=100
Vr=0.01119
Fr=61.26
Qlr=10
Qar=100
Qpr=100
Vc=0
Fc=0
Qlc=0
Qac=0
Qpc=0
Qiclfr=100
Qiclfc=0
Qiclcr=0
T=293.15
p=101325
phi=0.3
d=1
Med=0
Nd=1
Angle=0
Isobarik=0
alfaVC=0.0039
dTVC=0
Sdfport=0
Sdrport=0.00196349540849362

[VentFront]
Num=1
Shape=1
Fb=0
Vb=0
dia1=0.102
dia2=0.102
carea=0
len=0
endcorrection=0.732
crosscalc=1

[VentRear]
Num=1
Shape=1
Fb=61.26
Vb=0.01119
dia1=0.05
dia2=0.102
carea=0.00196349540849362
len=0.103295909519539
endcorrection=0.732
crosscalc=1

[VentIntra]
Num=1
Shape=1
Fb=0
Vb=0
dia1=0.102
dia2=0.102
carea=0
len=0
endcorrection=0.732
crosscalc=1

[PlotSettings]
Color=1355540
Width=1

[SignalSource]
Rg=0.1
P=1

[Filters]
Count=0

[SimulatorOptions]
VCInd=0
FlatResponse=0
TLPorts=0
