[ProjectInfo]
Description=
Creator=Anat Drori Ronen
CreateDate=20220913
ModifyDate=20220913

[Driver]
Brand=Morel
Model=ECW638
Manufacturer=Morel
ProvidedBy=Anat Drori Ronen
Comment=
DateAdded=20220913
DateModified=20220913
Qts=0.287191011235955
Znom=8
Fs=39.908641828142
Pe=0
SPL=87.289786010734
Re=5
Le=0.00026
fLe=1000
KLe=0.0206093019475513
BL=7.45
Xmax=0.006
Cms=0.000994
Qms=1.42
Qes=0.36
Rms=2.82539033198958
Mms=0.016
Sd=0.0119
Vas=0.019
Dia=0
Vd=0.0000714
no=0.00326237048851074
Dd=0.123091634899974
EBP=110.857338411506
numVC=1
Hc=0
Hg=0
SPLmax=0
SPLmaxLF=77.6383758353644
USPL=89.3358146778596
alfaVC=0.0039
Rt=0
Ct=0
gamma=465.625
Rme=11.1445951984033
Mpow=3.33174128647469
Mcost=0
Gloss=0.0259941602666667
VCCon=1
c=343.684120962152
roo=1.20095217714682
Thick=0.006
Depth=0.063
MagDepth=0.04
Magnet=0.08
Basket=0.14
Outer=0.16
Vcd=0.0762
DVol=0.00038373616569394
ParState=CCNCEEECEEEEEECCEECENCCENNNCCNNNCCCCNCEEEEEEECNCC

[Box]
BType=1
Vf=0
Ff=0
Qlf=10
Qaf=100
Qpf=100
Vr=0.00564
Fr=71.7
Qlr=10
Qar=100
Qpr=100
Vc=0
Fc=0
Qlc=0
Qac=0
Qpc=0
Qiclfr=100
Qiclfc=0
Qiclcr=0
T=293.15
p=101325
phi=0.3
d=1
Med=0
Nd=1
Angle=0
Isobarik=0
alfaVC=0.0039
dTVC=0
Sdfport=0
Sdrport=0.00125663706143592

[VentFront]
Num=1
Shape=1
Fb=0
Vb=0
dia1=0.102
dia2=0.102
carea=0
len=0
endcorrection=0.732
crosscalc=1

[VentRear]
Num=1
Shape=1
Fb=71.7
Vb=0.00564
dia1=0.04
dia2=0.1
carea=0.00125663706143592
len=0.100393623401857
endcorrection=0.732
crosscalc=1

[VentIntra]
Num=1
Shape=1
Fb=0
Vb=0
dia1=0.102
dia2=0.102
carea=0
len=0
endcorrection=0.732
crosscalc=1

[PlotSettings]
Color=1355540
Width=1

[SignalSource]
Rg=0.1
P=1

[Filters]
Count=0

[SimulatorOptions]
VCInd=0
FlatResponse=0
TLPorts=0
