[ProjectInfo]
Description=
Creator=Anat Drori Ronen
CreateDate=20220925
ModifyDate=20220925

[Driver]
Brand=Morel
Model=EW428
Manufacturer=Morel
ProvidedBy=Anat Drori Ronen
Comment=
DateAdded=20220925
DateModified=20220925
Qts=0.349314079422383
Znom=10
Fs=62
Pe=0
SPL=86.3981572625281
Re=6.3
Le=0.00044
fLe=1000
KLe=0.0348772802189329
BL=6.1
Xmax=0.0045
Cms=0.00106973491790987
Qms=2.36
Qes=0.41
Rms=1.01681107310086
Mms=0.00616
Sd=0.00554004337802268
Vas=0.0047
Dia=0
Vd=0.000024930195201102
no=0.00265687061167333
Dd=0.0839869174838953
EBP=151.219512195122
numVC=1
Hc=0
Hg=0
SPLmax=0
SPLmaxLF=68.498925179888
USPL=87.4404804784781
alfaVC=0.0039
Rt=0
Ct=0
gamma=990.25974025974
Rme=5.85286373784885
Mpow=2.43029817231327
Mcost=0
Gloss=0.0143603506990134
VCCon=1
c=343.684120962152
roo=1.20095217714682
Thick=0.005
Depth=0.051
MagDepth=0.027
Magnet=0.06
Basket=0.094
Outer=0.119
Vcd=0.051
DVol=0.000163916587152823
ParState=CENCEEECEEECEECCECCENCCENNNCCNNNCCCCNCEEEEEEECNCC

[Box]
BType=1
Vf=0
Ff=0
Qlf=10
Qaf=100
Qpf=100
Vr=0.003
Fr=77
Qlr=10
Qar=100
Qpr=100
Vc=0
Fc=0
Qlc=0
Qac=0
Qpc=0
Qiclfr=100
Qiclfc=0
Qiclcr=0
T=293.15
p=101325
phi=0.3
d=1
Med=0
Nd=1
Angle=0
Isobarik=0
alfaVC=0.0039
dTVC=0
Sdfport=0
Sdrport=0.00817128249198705

[VentFront]
Num=1
Shape=1
Fb=0
Vb=0
dia1=0.102
dia2=0.102
carea=0
len=0
endcorrection=0.732
crosscalc=1

[VentRear]
Num=1
Shape=1
Fb=77
Vb=0.003
dia1=0.102
dia2=0.102
carea=0.00817128249198705
len=1.29984224506353
endcorrection=0.732
crosscalc=1

[VentIntra]
Num=1
Shape=1
Fb=0
Vb=0
dia1=0.102
dia2=0.102
carea=0
len=0
endcorrection=0.732
crosscalc=1

[PlotSettings]
Color=1355540
Width=1

[SignalSource]
Rg=0.1
P=1

[Filters]
Count=0

[SimulatorOptions]
VCInd=1
FlatResponse=0
TLPorts=0
