[ProjectInfo]
Description=
Creator=Anat Drori Ronen
CreateDate=20220612
ModifyDate=20220612

[Driver]
Brand=Morel
Model=MW266
Manufacturer=Morel
ProvidedBy=Anat Drori Ronen
Comment=
DateAdded=20220612
DateModified=20220612
Qts=0.562421383647799
Znom=10
Fs=30
Pe=0
SPL=86.7445754757254
Re=6.3
Le=0.00054
fLe=0
KLe=0
BL=6.25
Xmax=0.00425
Cms=1.189
Qms=2.45
Qes=0.73
Rms=0.00182117188847766
Mms=0.0249
Sd=0.0219
Vas=0.08
Dia=0
Vd=0.000093075
no=0.00287747942074992
Dd=0.166984867666804
EBP=41.0958904109589
numVC=1
Hc=0
Hg=0
SPLmax=0
SPLmaxLF=79.9410724976495
USPL=87.7868986916754
alfaVC=0.0039
Rt=0
Ct=0
gamma=251.004016064257
Rme=6.42950606090843
Mpow=2.49005960277999
Mcost=0
Gloss=0.0649425742200086
VCCon=1
c=343.684120962152
roo=1.20095217714682
Thick=0.005
Depth=0.064
MagDepth=0.039
Magnet=0.088
Basket=0.18
Outer=0.222
Vcd=0.0762
DVol=0.000540985873970684
ParState=CENCEENNEEEEEECCEECENCCENNNCCNNNCCCCNCEEEEEEECNCC

[Box]
BType=1
Vf=0
Ff=0
Qlf=10
Qaf=100
Qpf=100
Vr=0.08159
Fr=20.27
Qlr=10
Qar=100
Qpr=100
Vc=0
Fc=0
Qlc=0
Qac=0
Qpc=0
Qiclfr=100
Qiclfc=0
Qiclcr=0
T=293.15
p=101325
phi=0.3
d=1
Med=0
Nd=1
Angle=0
Isobarik=0
alfaVC=0.0039
dTVC=0
Sdfport=0
Sdrport=0.0036316811075498

[VentFront]
Num=1
Shape=1
Fb=0
Vb=0
dia1=0.102
dia2=0.102
carea=0
len=0
endcorrection=0.732
crosscalc=1

[VentRear]
Num=1
Shape=1
Fb=20.27
Vb=0.08159
dia1=0.068
dia2=0.102
carea=0.0036316811075498
len=0.274356421589139
endcorrection=0.732
crosscalc=1

[VentIntra]
Num=1
Shape=1
Fb=0
Vb=0
dia1=0.102
dia2=0.102
carea=0
len=0
endcorrection=0.732
crosscalc=1

[PlotSettings]
Color=1355540
Width=1

[SignalSource]
Rg=0.1
P=1

[Filters]
Count=0

[SimulatorOptions]
VCInd=0
FlatResponse=0
TLPorts=0
