[ProjectInfo]
Description=
Creator=Anat Drori Ronen
CreateDate=20221202
ModifyDate=20221202

[Driver]
Brand=Morel
Model=EM428
Manufacturer=Morel
ProvidedBy=Anat Drori Ronen
Comment=
DateAdded=20221202
DateModified=20221202
Qts=0.414358974358974
Znom=8
Fs=68
Pe=0
SPL=85.6368020163546
Re=5.4
Le=0.00036
fLe=1000
KLe=0.0285359565427633
BL=5.61101334679843
Xmax=0.003
Cms=0.000836336667324297
Qms=3.03
Qes=0.48
Rms=0.923607503570227
Mms=0.00655
Sd=0.00543151682521721
Vas=0.0035
Dia=0
Vd=0.0000162945504756516
no=0.00222964068438512
Dd=0.0831602189136184
EBP=141.666666666667
numVC=1
Hc=0
Hg=0
SPLmax=0
SPLmaxLF=64.8052592780221
USPL=87.3485931286107
alfaVC=0.0039
Rt=0
Ct=0
gamma=856.643259053195
Rme=5.83027236628706
Mpow=2.41459569416643
Mcost=0
Gloss=0.0179069598033112
VCCon=1
c=343.684120962152
roo=1.20095217714682
Thick=0.005
Depth=0.051
MagDepth=0.025
Magnet=0.075
Basket=0.094
Outer=0.1185
Vcd=0.00533
DVol=0.000160730201772711
ParState=CENCEEECCEECEECCECCENCCENNNCCNNNCCCCNCEEEEEEECNCC

[Box]
BType=1
Vf=0
Ff=0
Qlf=10
Qaf=100
Qpf=100
Vr=0.003
Fr=80
Qlr=10
Qar=100
Qpr=100
Vc=0
Fc=0
Qlc=0
Qac=0
Qpc=0
Qiclfr=100
Qiclfc=0
Qiclcr=0
T=293.15
p=101325
phi=0.3
d=1
Med=0
Nd=1
Angle=0
Isobarik=0
alfaVC=0.0039
dTVC=0
Sdfport=0
Sdrport=0.00106

[VentFront]
Num=1
Shape=1
Fb=0
Vb=0
dia1=0.102
dia2=0.102
carea=0
len=0
endcorrection=0.732
crosscalc=1

[VentRear]
Num=1
Shape=2
Fb=80
Vb=0.003
dia1=0.01
dia2=0.106
carea=0.00106
len=0.138290673201481
endcorrection=0.732
crosscalc=1

[VentIntra]
Num=1
Shape=1
Fb=0
Vb=0
dia1=0.102
dia2=0.102
carea=0
len=0
endcorrection=0.732
crosscalc=1

[PlotSettings]
Color=1355540
Width=1

[SignalSource]
Rg=0.1
P=9.86851851851852

[Filters]
Count=0

[SimulatorOptions]
VCInd=1
FlatResponse=0
TLPorts=0
