[ProjectInfo]
Description=
Creator=jon
CreateDate=20241029
ModifyDate=20241103

[Driver]
Brand=Peerless
Model=SLS-P830667
Manufacturer=Peerless
ProvidedBy=Anat Drori Ronen
Comment=
DateAdded=20221005
DateModified=20221005
Qts=0.663194444444444
Znom=8
Fs=42.19
Pe=0
SPL=86.2335404208208
Re=5.53
Le=0.00078
fLe=1000
KLe=0.0618279058426538
BL=8.24738470112175
Xmax=0.0084
Cms=0.00040892340516707
Qms=5.73
Qes=0.75
Rms=1.60995603249996
Mms=0.0348
Sd=0.0212807401153576
Vas=0.02627
Dia=0
Vd=0.000178758216969004
no=0.00255804818475419
Dd=0.164607046799659
EBP=56.2533333333333
numVC=1
Hc=0
Hg=0
SPLmax=0
SPLmaxLF=85.6097318822853
USPL=87.8420178182596
alfaVC=0.0039
Rt=0
Ct=0
gamma=236.993813250625
Rme=12.3000640882997
Mpow=3.50714472018188
Mcost=0
Gloss=0.0166135560895954
VCCon=1
c=343.684120962152
roo=1.20095217714682
Thick=0.0035
Depth=0.101
MagDepth=0.022
Magnet=0.115
Basket=0.177
Outer=0.213
Vcd=0.038
DVol=0.000948137705927704
ParState=CENCEEECCEECEECCECCENCCENNNCCNNNCCCCNCEEEEEEECNCC

[Box]
BType=2
Vf=0.0175
Ff=77
Qlf=10
Qaf=100
Qpf=100
Vr=0.021
Fr=78.9517372751348
Qlr=10
Qar=100
Qpr=100
Vc=0
Fc=0
Qlc=0
Qac=0
Qpc=0
Qiclfr=100
Qiclfc=0
Qiclcr=0
T=293.15
p=101325
phi=0.3
d=1
Med=0
Nd=2
Angle=0
Isobarik=0
alfaVC=0.0039
dTVC=0
Sdfport=0.0074785613118705
Sdrport=0

[VentFront]
Num=2
Shape=1
Fb=77
Vb=0.0175
dia1=0.069
dia2=0.2
carea=0.00373928065593525
len=0.16514611872623
endcorrection=0.732
crosscalc=1

[VentRear]
Num=1
Shape=1
Fb=0
Vb=0
dia1=0.102
dia2=0.102
carea=0
len=0
endcorrection=0.732
crosscalc=1

[VentIntra]
Num=1
Shape=1
Fb=0
Vb=0
dia1=0.102
dia2=0.102
carea=0
len=0
endcorrection=0.732
crosscalc=1

[PlotSettings]
Color=2039807
Width=1

[SignalSource]
Rg=0.1
P=80

[Filters]
Count=0

[SimulatorOptions]
VCInd=1
FlatResponse=0
TLPorts=0
