[ProjectInfo]
Description=
Creator=Anat Drori Ronen
CreateDate=20241125
ModifyDate=20241130

[Driver]
Brand=SB Acoustics
Model=SB12PFCR25-4
Manufacturer=SB Acoustics
ProvidedBy=Anat Drori Ronen
Comment=
DateAdded=20241125
DateModified=20241125
Qts=0.42827763496144
Znom=4
Fs=58
Pe=0
SPL=85.1941790083716
Re=3.1
Le=0.00026
fLe=1000
KLe=0.0206093019475513
BL=3.49562367989991
Xmax=0.01
Cms=0.00142071971319994
Qms=3.4
Qes=0.49
Rms=0.568073871596178
Mms=0.0053
Sd=0.00507954888747751
Vas=0.0052
Dia=0
Vd=0.0000507954888747751
no=0.00201359711163851
Dd=0.0804206597395959
EBP=118.367346938776
numVC=1
Hc=0
Hg=0
SPLmax=0
SPLmaxLF=74.6809144896981
USPL=89.3162907805147
alfaVC=0.0039
Rt=0
Ct=0
gamma=659.551637716964
Rme=3.94173706821838
Mpow=1.98538083707343
Mcost=0
Gloss=0.00738422551698968
VCCon=1
c=343.684120962152
roo=1.20095217714682
Thick=0
Depth=0
MagDepth=0
Magnet=0
Basket=0
Outer=0
Vcd=0
DVol=0
ParState=CENCEEECCEECEECCECCENCCENNNCCNNNCCCCNCNNNNNNNNNCC

[Box]
BType=1
Vf=0
Ff=0
Qlf=10
Qaf=100
Qpf=100
Vr=0.006
Fr=58
Qlr=10
Qar=100
Qpr=100
Vc=0
Fc=0
Qlc=0
Qac=0
Qpc=0
Qiclfr=100
Qiclfc=0
Qiclcr=0
T=293.15
p=101325
phi=0.3
d=1
Med=0
Nd=1
Angle=0
Isobarik=0
alfaVC=0.0039
dTVC=0
Sdfport=0
Sdrport=0.000989798035421634

[VentFront]
Num=1
Shape=1
Fb=0
Vb=0
dia1=0.102
dia2=0.102
carea=0
len=0
endcorrection=0.732
crosscalc=1

[VentRear]
Num=1
Shape=1
Fb=58
Vb=0.006
dia1=0.0355
dia2=0.102
carea=0.000989798035421634
len=0.120737117987505
endcorrection=0.732
crosscalc=1

[VentIntra]
Num=1
Shape=1
Fb=0
Vb=0
dia1=0.102
dia2=0.102
carea=0
len=0
endcorrection=0.732
crosscalc=1

[PlotSettings]
Color=1355540
Width=1

[SignalSource]
Rg=0.1
P=8.06451612903226

[Filters]
Count=0

[SimulatorOptions]
VCInd=1
FlatResponse=0
TLPorts=0
