[ProjectInfo]
Description=
Creator=Anat Drori Ronen
CreateDate=20220930
ModifyDate=20220930

[Driver]
Brand=SB Acoustics
Model=SB23MFCL45-4
Manufacturer=SB Acoustics
ProvidedBy=Anat Drori Ronen
Comment=
DateAdded=20220930
DateModified=20220930
Qts=0.343920595533499
Znom=4
Fs=27
Pe=0
SPL=85.0931717231873
Re=3.3
Le=0.00073
fLe=1000
KLe=0.0578645785450478
BL=9.6
Xmax=0.012
Cms=0.000588925993596625
Qms=7.7
Qes=0.36
Rms=1.29988496030352
Mms=0.059
Sd=0.0209981234630193
Vas=0.037
Dia=0
Vd=0.000251977481556231
no=0.00196730570359716
Dd=0.163510370185953
EBP=75
numVC=1
Hc=0
Hg=0
SPLmax=0
SPLmaxLF=88.5916462192142
USPL=88.9437610348943
alfaVC=0.0039
Rt=0
Ct=0
gamma=162.71186440678
Rme=27.8030949842697
Mpow=5.28462607260653
Mcost=0
Gloss=0.028395672884263
VCCon=1
c=343.684120962152
roo=1.20095217714682
Thick=0.0085
Depth=0.122
MagDepth=0.05
Magnet=0.13
Basket=0.198
Outer=0.234
Vcd=0.0455
DVol=0.00134687515725888
ParState=CENCEEECEEECEECCECCENCCENNNCCNNNCCCCNCEEEEEEECNCC

[Box]
BType=1
Vf=0
Ff=0
Qlf=10
Qaf=100
Qpf=100
Vr=0.0275
Fr=33
Qlr=10
Qar=100
Qpr=100
Vc=0
Fc=0
Qlc=0
Qac=0
Qpc=0
Qiclfr=100
Qiclfc=0
Qiclcr=0
T=293.15
p=101325
phi=0.3
d=1
Med=0
Nd=1
Angle=0
Isobarik=0
alfaVC=0.0039
dTVC=0
Sdfport=0
Sdrport=0.00196349540849362

[VentFront]
Num=1
Shape=1
Fb=0
Vb=0
dia1=0.102
dia2=0.102
carea=0
len=0
endcorrection=0.732
crosscalc=1

[VentRear]
Num=1
Shape=1
Fb=33
Vb=0.0275
dia1=0.05
dia2=0.102
carea=0.00196349540849362
len=0.159568157958223
endcorrection=0.732
crosscalc=1

[VentIntra]
Num=1
Shape=1
Fb=0
Vb=0
dia1=0.102
dia2=0.102
carea=0
len=0
endcorrection=0.732
crosscalc=1

[PlotSettings]
Color=1355540
Width=1

[SignalSource]
Rg=0.1
P=5.1

[Filters]
Count=0

[SimulatorOptions]
VCInd=1
FlatResponse=0
TLPorts=0
