[ProjectInfo]
Description=
Creator=Anat Drori Ronen
CreateDate=20231128
ModifyDate=20231201

[Driver]
Brand=SB Acoustics
Model=SB23NRXS45-8
Manufacturer=SB Acoustics
ProvidedBy=Anat Drori Ronen
Comment=
DateAdded=20231128
DateModified=20231128
Qts=0.381067125645439
Znom=8
Fs=27
Pe=0
SPL=88.5776194589899
Re=5.6
Le=0.0006
fLe=1000
KLe=0.0475599275712721
BL=7.53454348268548
Xmax=0.006
Cms=0.0014182299437633
Qms=5.4
Qes=0.41
Rms=0.769690200129499
Mms=0.0245
Sd=0.0216156488951862
Vas=0.094
Dia=0
Vd=0.000129693893371117
no=0.00438850527420749
Dd=0.16589725422219
EBP=65.8536585365854
numVC=1
Hc=0
Hg=0
SPLmax=0
SPLmaxLF=82.8228021565784
USPL=90.1314678994137
alfaVC=0.0039
Rt=0
Ct=0
gamma=307.532387048387
Rme=10.1373831236568
Mpow=3.18392574091432
Mcost=0
Gloss=0.056791345768526
VCCon=1
c=343.684120962152
roo=1.20095217714682
Thick=0.0085
Depth=0.0807
MagDepth=0.03
Magnet=0.12
Basket=0.205
Outer=0.234
Vcd=0.0455
DVol=0.000832266022064667
ParState=CENCEEECCEECEECCECCENCCENNNCCNNNCCCCNCEEEEEEECNCC

[Box]
BType=0
Vf=0
Ff=0
Qlf=10
Qaf=100
Qpf=100
Vr=0.04356
Fr=64.9906111502636
Qlr=10
Qar=100
Qpr=100
Vc=0
Fc=0
Qlc=0
Qac=0
Qpc=0
Qiclfr=100
Qiclfc=0
Qiclcr=0
T=293.15
p=101325
phi=0.3
d=1
Med=0
Nd=2
Angle=0
Isobarik=0
alfaVC=0.0039
dTVC=0
Sdfport=0
Sdrport=0

[VentFront]
Num=1
Shape=1
Fb=0
Vb=0
dia1=0.102
dia2=0.102
carea=0
len=0
endcorrection=0.732
crosscalc=1

[VentRear]
Num=1
Shape=1
Fb=0
Vb=0
dia1=0.102
dia2=0.102
carea=0
len=0
endcorrection=0.732
crosscalc=1

[VentIntra]
Num=1
Shape=1
Fb=0
Vb=0
dia1=0.102
dia2=0.102
carea=0
len=0
endcorrection=0.732
crosscalc=1

[PlotSettings]
Color=16719647
Width=1

[SignalSource]
Rg=0.1
P=10.0446428571429

[Filters]
Count=1
filter0type=1
filter0params=3;1;2;4.5000000000000000E+001;1.3000000000000000E+000

[SimulatorOptions]
VCInd=1
FlatResponse=0
TLPorts=0
