[ProjectInfo]
Description=
Creator=Anat Drori Ronen
CreateDate=20220123
ModifyDate=20220123

[Driver]
Brand=SB Acoustics
Model=SB20PFC30-8
Manufacturer=SB Acoustics
ProvidedBy=Anat Drori Ronen
Comment=
DateAdded=20220123
DateModified=20220123
Qts=0.37
Znom=8
Fs=34
Pe=0
SPL=89.8515294152894
Re=5.6
Le=0.00084
fLe=0
KLe=0
BL=7.7
Xmax=0.005
Cms=0.001
Qms=2.66
Qes=0.43
Rms=1.75978486390862
Mms=0.0212
Sd=0.0211933578006568
Vas=0.0662
Dia=0
Vd=0.000105966789003284
no=0.00588447362018451
Dd=0.164268746989553
EBP=79.0697674418605
numVC=1
Hc=0
Hg=0
SPLmax=0
SPLmaxLF=81.0678070914412
USPL=91.4053778557132
alfaVC=0.0039
Rt=0
Ct=0
gamma=363.207547169811
Rme=10.5323720218955
Mpow=3.25384388070479
Mcost=0
Gloss=0.0429767035279469
VCCon=1
c=343.684120962152
roo=1.20095217714682
Thick=0.00475
Depth=0.0824
MagDepth=0.01
Magnet=0.1
Basket=0.187
Outer=0.202
Vcd=0.003
DVol=0.0003
ParState=CENCEENNEENEEEECECCENCCENNNCCNNNCCCCNCEEEEEEEENCC

[Box]
BType=1
Vf=0
Ff=0
Qlf=10
Qaf=100
Qpf=100
Vr=0.05151
Fr=36.47
Qlr=10
Qar=100
Qpr=100
Vc=0
Fc=0
Qlc=0
Qac=0
Qpc=0
Qiclfr=100
Qiclfc=0
Qiclcr=0
T=293.15
p=101325
phi=0.3
d=1
Med=0
Nd=1
Angle=0
Isobarik=0
alfaVC=0.0039
dTVC=0
Sdfport=0
Sdrport=0.00817128249198705

[VentFront]
Num=1
Shape=1
Fb=0
Vb=0
dia1=0.102
dia2=0.102
carea=0
len=0
endcorrection=0.732
crosscalc=1

[VentRear]
Num=1
Shape=1
Fb=36.47
Vb=0.05151
dia1=0.102
dia2=0.102
carea=0.00817128249198705
len=0.282186529869572
endcorrection=0.732
crosscalc=1

[VentIntra]
Num=1
Shape=1
Fb=0
Vb=0
dia1=0.102
dia2=0.102
carea=0
len=0
endcorrection=0.732
crosscalc=1

[PlotSettings]
Color=1355540
Width=1

[SignalSource]
Rg=0.1
P=1

[Filters]
Count=0

[SimulatorOptions]
VCInd=0
FlatResponse=0
TLPorts=0
