[ProjectInfo]
Description=
Creator=Anat Drori Ronen
CreateDate=20241125
ModifyDate=20241226

[Driver]
Brand=SB Acoustics
Model=SB12PFCR25-8
Manufacturer=SB Acoustics
ProvidedBy=Anat Drori Ronen
Comment=
DateAdded=20241125
DateModified=20241125
Qts=0.561052631578947
Znom=10
Fs=64
Pe=0
SPL=84.4242167743046
Re=6.4
Le=0.00036
fLe=1000
KLe=0.0285359565427633
BL=4.49364042573773
Xmax=0.01
Cms=0.00121257926961667
Qms=4.1
Qes=0.65
Rms=0.500202849820346
Mms=0.0051
Sd=0.00499984837475384
Vas=0.0043
Dia=0
Vd=0.0000499984837475384
no=0.00168646120868388
Dd=0.0797872462766852
EBP=98.4615384615385
numVC=1
Hc=0
Hg=0
SPLmax=0
SPLmaxLF=74.5435482825365
USPL=85.3981457449515
alfaVC=0.0039
Rt=0
Ct=0
gamma=881.105965830929
Rme=3.15512566809756
Mpow=1.7762673413925
Mcost=0
Gloss=0.00606458365213703
VCCon=1
c=343.684120962152
roo=1.20095217714682
Thick=0
Depth=0
MagDepth=0
Magnet=0
Basket=0
Outer=0
Vcd=0
DVol=0
ParState=CENCEEECCEECEECCECCENCCENNNCCNNNCCCCNCNNNNNNNNNCC

[Box]
BType=1
Vf=0
Ff=0
Qlf=10
Qaf=100
Qpf=100
Vr=0.01
Fr=51
Qlr=10
Qar=100
Qpr=100
Vc=0
Fc=0
Qlc=0
Qac=0
Qpc=0
Qiclfr=100
Qiclfc=0
Qiclcr=0
T=293.15
p=101325
phi=0.3
d=1
Med=0
Nd=1
Angle=0
Isobarik=0
alfaVC=0.0039
dTVC=0
Sdfport=0
Sdrport=0.001661902513749

[VentFront]
Num=1
Shape=1
Fb=0
Vb=0
dia1=0.102
dia2=0.102
carea=0
len=0
endcorrection=0.732
crosscalc=1

[VentRear]
Num=1
Shape=1
Fb=51
Vb=0.01
dia1=0.046
dia2=0.102
carea=0.001661902513749
len=0.157500046851525
endcorrection=0.732
crosscalc=1

[VentIntra]
Num=1
Shape=1
Fb=0
Vb=0
dia1=0.102
dia2=0.102
carea=0
len=0
endcorrection=0.732
crosscalc=1

[PlotSettings]
Color=1355540
Width=1

[SignalSource]
Rg=0.1
P=10

[Filters]
Count=0

[SimulatorOptions]
VCInd=1
FlatResponse=0
TLPorts=0
