[ProjectInfo]
Description=
Creator=Anat Drori Ronen
CreateDate=20221203
ModifyDate=20221203

[Driver]
Brand=TangBand
Model=W4-2142
Manufacturer=TangBand
ProvidedBy=Anat Drori Ronen
Comment=
DateAdded=20221203
DateModified=20221203
Qts=0.331274131274131
Znom=10
Fs=60
Pe=0
SPL=87.5357383018531
Re=6.3
Le=0.000022
fLe=1000
KLe=0.00174386401094664
BL=5.29851286649111
Xmax=0.0024
Cms=0.00152628922093182
Qms=2.2
Qes=0.39
Rms=0.789967752711761
Mms=0.00461
Sd=0.00544111960014965
Vas=0.00641
Dia=0
Vd=0.0000130586870403592
no=0.00345245883423465
Dd=0.0832336989598811
EBP=153.846153846154
numVC=1
Hc=0
Hg=0
SPLmax=0
SPLmaxLF=62.8824018770732
USPL=88.5780615178031
alfaVC=0.0039
Rt=0
Ct=0
gamma=1149.35203177681
Rme=4.45622834863045
Mpow=2.11097805498552
Mcost=0
Gloss=0.0287506187953163
VCCon=1
c=343.684120962152
roo=1.20095217714682
Thick=0.0042
Depth=0.0762
MagDepth=0.027
Magnet=0.09
Basket=0.095
Outer=0.1255
Vcd=0.0254
DVol=0.000296542133754561
ParState=CENCEEECCEECEECCECCENCCENNNCCNNNCCCCNCEEEEEEECNCC

[Box]
BType=1
Vf=0
Ff=0
Qlf=10
Qaf=100
Qpf=100
Vr=0.0027
Fr=84
Qlr=10
Qar=100
Qpr=100
Vc=0
Fc=0
Qlc=0
Qac=0
Qpc=0
Qiclfr=100
Qiclfc=0
Qiclcr=0
T=293.15
p=101325
phi=0.3
d=1
Med=0
Nd=1
Angle=0
Isobarik=0
alfaVC=0.0039
dTVC=0
Sdfport=0
Sdrport=0.001

[VentFront]
Num=1
Shape=1
Fb=0
Vb=0
dia1=0.102
dia2=0.102
carea=0
len=0
endcorrection=0.732
crosscalc=1

[VentRear]
Num=1
Shape=2
Fb=84
Vb=0.0027
dia1=0.01
dia2=0.1
carea=0.001
len=0.130930032590592
endcorrection=0.732
crosscalc=1

[VentIntra]
Num=1
Shape=1
Fb=0
Vb=0
dia1=0.102
dia2=0.102
carea=0
len=0
endcorrection=0.732
crosscalc=1

[PlotSettings]
Color=1355540
Width=1

[SignalSource]
Rg=0.1
P=9.90634920634921

[Filters]
Count=0

[SimulatorOptions]
VCInd=1
FlatResponse=0
TLPorts=0
