[ProjectInfo]
Description=
Creator=Anat Drori Ronen
CreateDate=20220925
ModifyDate=20220925

[Driver]
Brand=TangBand
Model=W5-1138SMF
Manufacturer=TangBand
ProvidedBy=Anat Drori Ronen
Comment=
DateAdded=20220925
DateModified=20220925
Qts=0.491331719128329
Znom=6
Fs=45
Pe=40
SPL=80.9283108079787
Re=3.4
Le=0.00034
fLe=1000
KLe=0.0269506256237209
BL=7.17
Xmax=0.00925
Cms=0.00043418216258217
Qms=3.56
Qes=0.57
Rms=2.28815606502612
Mms=0.02881
Sd=0.00862706860625356
Vas=0.00485
Dia=0
Vd=0.0000798003846078454
no=0.000754025024691496
Dd=0.104806130090874
EBP=78.9473684210526
numVC=1
Hc=0
Hg=0
SPLmax=93.9489107212583
SPLmaxLF=78.6045112896782
USPL=84.6492503480419
alfaVC=0.0039
Rt=0
Ct=0
gamma=248.871919472405
Rme=14.2909396341982
Mpow=3.88847845639941
Mcost=0
Gloss=0.0132615466875693
VCCon=1
c=343.684120962152
roo=1.20095217714682
Thick=0.0036
Depth=0.081
MagDepth=0.03
Magnet=0.1
Basket=0.1205
Outer=0.1558
Vcd=0.1
DVol=0.000655732024649595
ParState=CEECEEECEEECEECCECCENCCENNCCCNNNCCCCNCEEEEEEECNCC

[Box]
BType=1
Vf=0
Ff=0
Qlf=10
Qaf=100
Qpf=100
Vr=0.01
Fr=37
Qlr=10
Qar=100
Qpr=100
Vc=0
Fc=0
Qlc=0
Qac=0
Qpc=0
Qiclfr=100
Qiclfc=0
Qiclcr=0
T=293.15
p=101325
phi=0.3
d=1
Med=0
Nd=1
Angle=0
Isobarik=0
alfaVC=0.0039
dTVC=0
Sdfport=0
Sdrport=0.0013

[VentFront]
Num=1
Shape=1
Fb=0
Vb=0
dia1=0.102
dia2=0.102
carea=0
len=0
endcorrection=0.732
crosscalc=1

[VentRear]
Num=1
Shape=2
Fb=37
Vb=0.01
dia1=0.005
dia2=0.26
carea=0.0013
len=0.254337330976282
endcorrection=0.732
crosscalc=1

[VentIntra]
Num=1
Shape=1
Fb=0
Vb=0
dia1=0.102
dia2=0.102
carea=0
len=0
endcorrection=0.732
crosscalc=1

[PlotSettings]
Color=1355540
Width=1

[SignalSource]
Rg=0.1
P=4.94411764705882

[Filters]
Count=0

[SimulatorOptions]
VCInd=1
FlatResponse=0
TLPorts=0
