[ProjectInfo]
Description=
Creator=Anat Drori Ronen
CreateDate=20241226
ModifyDate=20241226

[Driver]
Brand=Visaton
Model=W170S-4
Manufacturer=Visaton
ProvidedBy=Anat Drori Ronen
Comment=
DateAdded=20241226
DateModified=20241226
Qts=0.412584269662921
Znom=4
Fs=36
Pe=0
SPL=87.444475793628
Re=3.2
Le=0.0006
fLe=1000
KLe=0.0475599275712721
BL=4.12687874474328
Xmax=0.01
Cms=0.00162874845104067
Qms=2.16
Qes=0.51
Rms=1.25663706143592
Mms=0.012
Sd=0.0128245597831071
Vas=0.038
Dia=0
Vd=0.000128245597831071
no=0.00338066593969142
Dd=0.127783945234416
EBP=70.5882352941177
numVC=1
Hc=0
Hg=0
SPLmax=0
SPLmaxLF=82.7252609280736
USPL=91.4287047209147
alfaVC=0.0039
Rt=0
Ct=0
gamma=343.90656206194
Rme=5.32222755431683
Mpow=2.30699535203624
Mcost=0
Gloss=0.0191670791968775
VCCon=1
c=343.684120962152
roo=1.20095217714682
Thick=0
Depth=0
MagDepth=0
Magnet=0
Basket=0
Outer=0
Vcd=0
DVol=0
ParState=CENCEEECCEECEECCECCENCCENNNCCNNNCCCCNCNNNNNNNNNCC

[Box]
BType=1
Vf=0
Ff=0
Qlf=10
Qaf=100
Qpf=100
Vr=0.032
Fr=40
Qlr=10
Qar=100
Qpr=100
Vc=0
Fc=0
Qlc=0
Qac=0
Qpc=0
Qiclfr=100
Qiclfc=0
Qiclcr=0
T=293.15
p=101325
phi=0.3
d=1
Med=0
Nd=1
Angle=0
Isobarik=0
alfaVC=0.0039
dTVC=0
Sdfport=0
Sdrport=0.00237582944427728

[VentFront]
Num=1
Shape=1
Fb=0
Vb=0
dia1=0.102
dia2=0.102
carea=0
len=0
endcorrection=0.732
crosscalc=1

[VentRear]
Num=1
Shape=1
Fb=40
Vb=0.032
dia1=0.055
dia2=0.102
carea=0.00237582944427728
len=0.0985767685868987
endcorrection=0.732
crosscalc=1

[VentIntra]
Num=1
Shape=1
Fb=0
Vb=0
dia1=0.102
dia2=0.102
carea=0
len=0
endcorrection=0.732
crosscalc=1

[PlotSettings]
Color=1355540
Width=1

[SignalSource]
Rg=0.1
P=10.2

[Filters]
Count=0

[SimulatorOptions]
VCInd=1
FlatResponse=0
TLPorts=0
