[Driver]
Brand=Dayton Audio
Model=DCS165-4
Manufacturer=Dayton Audio
ProvidedBy=Anat Drori Ronen
Comment=
DateAdded=20220927
DateModified=20220927
Qts=0.341432664756447
Znom=6
Fs=35.7
Pe=0
SPL=83.8781417442781
Re=3.4
Le=0.00143
fLe=1000
KLe=0.113351160711532
BL=9.15
Xmax=0.006
Cms=0.000503160726401942
Qms=6.62
Qes=0.36
Rms=1.33840389137754
Mms=0.0395
Sd=0.0130168738952498
Vas=0.0121
Dia=0
Vd=0.0000781012433714986
no=0.00148719820699343
Dd=0.12873848916413
EBP=99.1666666666667
numVC=1
Hc=0
Hg=0
SPLmax=0
SPLmaxLF=78.4175705578178
USPL=87.5990812843413
alfaVC=0
Rt=0
Ct=0
gamma=231.645569620253
Rme=24.611760446998
Mpow=4.96228422260176
Mcost=0
Gloss=0.0324842808223332
VCCon=1
c=343.684120962152
roo=1.20095217714682
Thick=0.005
Depth=0.0825
MagDepth=0.05
Magnet=0.045
Basket=0.142
Outer=0.167
Vcd=0.0358
DVol=0.000270656712024038
ParState=CENCEEECEEECEECCECCENCCENNNCCNNNCCCCNCEEEEEEECNCC
