[Driver]
Brand=Dayton Audio
Model=DSA115-8
Manufacturer=Dayton Audio
ProvidedBy=Anat Drori Ronen
Comment=
DateAdded=20221204
DateModified=20221204
Qts=0.41897233201581
Znom=8
Fs=63.25
Pe=0
SPL=84.7992756241035
Re=5.9
Le=0.00063
fLe=1000
KLe=0.0499379239498357
BL=5.44434541969493
Xmax=0.0041
Cms=0.000945027400692839
Qms=2
Qes=0.53
Rms=1.33132842677501
Mms=0.0067
Sd=0.00543504405203073
Vas=0.00396
Dia=0
Vd=0.000022283680613326
no=0.00183857877051608
Dd=0.0831872166526994
EBP=119.339622641509
numVC=1
Hc=0
Hg=0
SPLmax=0
SPLmaxLF=67.5241501036987
USPL=86.1264842181679
alfaVC=0
Rt=0
Ct=0
gamma=812.588868611184
Rme=5.02388085575477
Mpow=2.24140153826903
Mcost=0
Gloss=0.0151445377622755
VCCon=1
c=343.684120962152
roo=1.20095217714682
Thick=0.0028
Depth=0.0519
MagDepth=0.025
Magnet=0.08
Basket=0.0936
Outer=0.1156
Vcd=0.0254
DVol=0.000193821695427601
ParState=CENCEEECCEECEECCECCENCCENNNCCNNNCCCCNCEEEEEEECNCC
