[Driver]
Brand=Dayton Audio
Model=DC160-8
Manufacturer=Dayton Audio
ProvidedBy=Anat Drori Ronen
Comment=
DateAdded=20230306
DateModified=20230306
Qts=0.34259067357513
Znom=10
Fs=35.7
Pe=0
SPL=85.3440073924173
Re=6.6
Le=0.00226
fLe=1000
KLe=0.179142393851792
BL=10.6841019100042
Xmax=0.00315
Cms=0.000678322480985553
Qms=3.48
Qes=0.38
Rms=1.88858467332268
Mms=0.0293
Sd=0.0136391116987692
Vas=0.0179
Dia=0
Vd=0.000042963201851123
no=0.00208427691297643
Dd=0.131779574934559
EBP=93.9473684210526
numVC=1
Hc=0
Hg=0
SPLmax=0
SPLmaxLF=73.2263443974594
USPL=86.1842967474844
alfaVC=0
Rt=0
Ct=0
gamma=364.645116382397
Rme=17.2954596399024
Mpow=4.1587810281262
Mcost=0
Gloss=0.0618748206139681
VCCon=1
c=343.684120962152
roo=1.20095217714682
Thick=0.007
Depth=0.082
MagDepth=0.04
Magnet=0.08
Basket=0.144
Outer=0.165
Vcd=0.035
DVol=0.000456193795816962
ParState=CENCEEECCEECEECCECCENCCENNNCCNNNCCCCNCEEEEEEECNCC
