[Driver]
Brand=Dayton Audio
Model=DCS255-4
Manufacturer=Dayton Audio
ProvidedBy=Anat Drori Ronen
Comment=
DateAdded=20240115
DateModified=20240115
Qts=0.468434343434343
Znom=6
Fs=37.7
Pe=0
SPL=87.3988573522829
Re=3.45
Le=0.0018
fLe=1000
KLe=0.142679782713816
BL=12.4935782273478
Xmax=0.0083
Cms=0.000186618283836791
Qms=7.42
Qes=0.5
Rms=3.048742078262
Mms=0.0955
Sd=0.0348219507154613
Vas=0.0321
Dia=0
Vd=0.000289022190938329
no=0.00334534115984663
Dd=0.210562780841592
EBP=75.4
numVC=1
Hc=0
Hg=0
SPLmax=0
SPLmaxLF=89.783035377607
USPL=91.056395112036
alfaVC=0
Rt=0
Ct=0
gamma=130.822808663327
Rme=45.2433324414081
Mpow=6.72631640955197
Mcost=0
Gloss=0.0210571769216217
VCCon=1
c=343.684120962152
roo=1.20095217714682
Thick=0.0125
Depth=0.138
MagDepth=0.025
Magnet=0.145
Basket=0.232
Outer=0.258
Vcd=0.0495
DVol=0.00210528112227544
ParState=CENCEEECCEECEECCECCENCCENNNCCNNNCCCCNCEEEEEEECNCC
