[Driver]
Brand=Dayton Audio
Model=DSA135-8
Manufacturer=Dayton Audio
ProvidedBy=Anat Drori Ronen
Comment=
DateAdded=20221211
DateModified=20221211
Qts=0.38199203187251
Znom=8
Fs=51.81
Pe=0
SPL=85.7374276278531
Re=5.9
Le=0.00078
fLe=1000
KLe=0.0618279058426538
BL=6.23068233590949
Xmax=0.0049
Cms=0.000993320671430281
Qms=2.04
Qes=0.47
Rms=1.51595705503297
Mms=0.0095
Sd=0.00750186998129483
Vas=0.00793
Dia=0
Vd=0.0000367591629083447
no=0.00228190437769661
Dd=0.0977326839887569
EBP=110.234042553192
numVC=1
Hc=0
Hg=0
SPLmax=0
SPLmaxLF=71.8717238584607
USPL=87.0646362219175
alfaVC=0
Rt=0
Ct=0
gamma=655.861298516788
Rme=6.57989870695161
Mpow=2.56513132352938
Mcost=0
Gloss=0.0188858994986891
VCCon=1
c=343.684120962152
roo=1.20095217714682
Thick=0.0032
Depth=0.0654
MagDepth=0.0305
Magnet=0.1
Basket=0.1115
Outer=0.135
Vcd=0.0254
DVol=0.000355394172839825
ParState=CENCEEECCEECEECCECCENCCENNNCCNNNCCCCNCEEEEEEECNCC
