[Driver]
Brand=Dayton Audio
Model=SD315A-88
Manufacturer=Dayton Audio
ProvidedBy=Anat Drori Ronen
Comment=
DateAdded=20230610
DateModified=20230610
Qts=0.334987212276215
Znom=4
Fs=24.2
Pe=0
SPL=89.6755661120309
Re=3.1
Le=0.0015
fLe=1000
KLe=0.11889981892818
BL=11.7947549202351
Xmax=0.007
Cms=0.000396083629471337
Qms=3.54
Qes=0.37
Rms=4.69045107914267
Mms=0.1092
Sd=0.0519609424872613
Vas=0.1517
Dia=0
Vd=0.000363726597410829
no=0.00565081761039583
Dd=0.25721338759188
EBP=65.4054054054054
numVC=1
Hc=0
Hg=0
SPLmax=0
SPLmaxLF=91.7799127975318
USPL=93.797677884174
alfaVC=0
Rt=0
Ct=0
gamma=108.010576192629
Rme=44.8762076220677
Mpow=6.69897063899132
Mcost=0
Gloss=0.0605943549892994
VCCon=1
c=343.684120962152
roo=1.20095217714682
Thick=0.0035
Depth=0.1265
MagDepth=0.025
Magnet=0.145
Basket=0.272
Outer=0.314
Vcd=0.0495
DVol=0.00257427089402295
ParState=CENCEEECCEECEECCECCENCCENNNCCNNNCCCCNCEEEEEEECNCC
