[Driver]
Brand=Dayton Audio
Model=DCS205-4
Manufacturer=Dayton Audio
ProvidedBy=Anat Drori Ronen
Comment=
DateAdded=20241024
DateModified=20241024
Qts=0.37593984962406
Znom=6
Fs=32.3
Pe=0
SPL=85.602379963664
Re=3.9
Le=0.00178
fLe=1000
KLe=0.141094451794774
BL=10.6851693513124
Xmax=0.0088
Cms=0.000420784181892136
Qms=6.25
Qes=0.4
Rms=1.87360564621499
Mms=0.0577
Sd=0.0212681568881533
Vas=0.027
Dia=0
Vd=0.000187159780615749
no=0.00221203846748214
Dd=0.164558373818011
EBP=80.75
numVC=1
Hc=0
Hg=0
SPLmax=0
SPLmaxLF=86.0086621488561
USPL=88.7274626038848
alfaVC=0
Rt=0
Ct=0
gamma=185.184910767979
Rme=29.2750882221092
Mpow=5.41064582301495
Mcost=0
Gloss=0.0270566000553682
VCCon=1
c=343.684120962152
roo=1.20095217714682
Thick=0.01
Depth=0.0975
MagDepth=0.025
Magnet=0.12
Basket=0.18
Outer=0.208
Vcd=0.0385
DVol=0.000945108204339894
ParState=CENCEEECCEECEECCECCENCCENNNCCNNNCCCCNCEEEEEEECNCC
