[Driver]
Brand=Dayton Audio
Model=PA200-8
Manufacturer=Dayton Audio
ProvidedBy=Anat Drori Ronen
Comment=
DateAdded=20240502
DateModified=20240502
Qts=0.471062874251497
Znom=10
Fs=55.2
Pe=0
SPL=91.4645535026279
Re=6.2
Le=0.00109
fLe=1000
KLe=0.086400535087811
BL=9.29709267863836
Xmax=0.003
Cms=0.000405516235677975
Qms=6.17
Qes=0.51
Rms=1.15235858891482
Mms=0.0205
Sd=0.0215037583449711
Vas=0.0266
Dia=0
Vd=0.0000645112750349134
no=0.00853119814570603
Dd=0.165467324524348
EBP=108.235294117647
numVC=1
Hc=0
Hg=0
SPLmax=0
SPLmaxLF=76.757124111929
USPL=92.5763653181312
alfaVC=0
Rt=0
Ct=0
gamma=453.51671603114
Rme=13.9412793992244
Mpow=3.73380227104012
Mcost=0
Gloss=0.027174497916178
VCCon=1
c=343.684120962152
roo=1.20095217714682
Thick=0.011
Depth=0.097
MagDepth=0.017
Magnet=0.135
Basket=0.182
Outer=0.21
Vcd=0.05
DVol=0.00104240639644529
ParState=CENCEEECCEECEECCECCENCCENNNCCNNNCCCCNCEEEEEEECNCC
