[Driver]
Brand=Dayton Audio
Model=Epique E150HE-44
Manufacturer=Dayton Audio
ProvidedBy=Anat Drori Ronen
Comment=
DateAdded=20221005
DateModified=20221005
Qts=0.390265486725664
Znom=10
Fs=40
Pe=0
SPL=82.393874753263
Re=6.6
Le=0.0016
fLe=1000
KLe=0.126826473523392
BL=9.90208064568451
Xmax=0.0147
Cms=0.000595166727222379
Qms=2.94
Qes=0.45
Rms=2.27391468259833
Mms=0.0266
Sd=0.00951272699720962
Vas=0.00764
Dia=0
Vd=0.000139837086858981
no=0.00105667675558232
Dd=0.110054441941782
EBP=88.8888888888889
numVC=1
Hc=0
Hg=0
SPLmax=0
SPLmaxLF=83.4768589596738
USPL=83.2341641083301
alfaVC=0
Rt=0
Ct=0
gamma=372.258670890395
Rme=14.8562425929757
Mpow=3.85437966383382
Mcost=0
Gloss=0.0105614518023611
VCCon=1
c=343.684120962152
roo=1.20095217714682
Thick=0.0055
Depth=0.105
MagDepth=0.03
Magnet=0.12
Basket=0.1265
Outer=0.152
Vcd=0.038
DVol=0.000687577783962652
ParState=CENCEEECCEECEECCECCENCCENNNCCNNNCCCCNCEEEEEEECNCC
