[Driver]
Brand=Dayton Audio
Model=DC200-8
Manufacturer=Dayton Audio
ProvidedBy=Anat Drori Ronen
Comment=
DateAdded=20240115
DateModified=20240115
Qts=0.422366197183099
Znom=10
Fs=30.3
Pe=0
SPL=86.1737466209031
Re=6.41
Le=0.00232
fLe=1000
KLe=0.183898386608919
BL=9.48190989834681
Xmax=0.0045
Cms=0.0007642717455049
Qms=3.06
Qes=0.49
Rms=2.24599234789289
Mms=0.0361
Sd=0.020531083713982
Vas=0.0457
Dia=0
Vd=0.0000923898767129192
no=0.0025230702387037
Dd=0.161681748137846
EBP=61.8367346938776
numVC=1
Hc=0
Hg=0
SPLmax=0
SPLmaxLF=79.8768993513916
USPL=87.1408950362008
alfaVC=0
Rt=0
Ct=0
gamma=262.656783887723
Rme=14.0259930296985
Mpow=3.74512924072033
Mcost=0
Gloss=0.0601261184491796
VCCon=1
c=343.684120962152
roo=1.20095217714682
Thick=0
Depth=0
MagDepth=0
Magnet=0
Basket=0
Outer=0
Vcd=0
DVol=0
ParState=CENCEEECCEECEECCECCENCCENNNCCNNNCCCCNCNNNNNNNNNCC
