[Driver]
Brand=Dayton Audio
Model=Epique E180HE-44
Manufacturer=Dayton Audio
ProvidedBy=Anat Drori Ronen
Comment=
DateAdded=20221005
DateModified=20221005
Qts=0.455965417867435
Znom=10
Fs=35
Pe=0
SPL=83.1104056015597
Re=6.8
Le=0.0015
fLe=1000
KLe=0.11889981892818
BL=9.48687576397911
Xmax=0.0147
Cms=0.000636239771694429
Qms=2.93
Qes=0.54
Rms=2.43929122420368
Mms=0.0325
Sd=0.0133726979212228
Vas=0.01614
Dia=0
Vd=0.000196578659441975
no=0.0012462214982733
Dd=0.13048619778773
EBP=64.8148148148148
numVC=1
Hc=0
Hg=0
SPLmax=0
SPLmaxLF=86.4351389817018
USPL=83.8210451849832
alfaVC=0
Rt=0
Ct=0
gamma=291.903869660896
Rme=13.2354134942903
Mpow=3.63805078225831
Mcost=0
Gloss=0.0137945492928798
VCCon=1
c=343.684120962152
roo=1.20095217714682
Thick=0.0063
Depth=0.1097
MagDepth=0.05
Magnet=0.125
Basket=0.151
Outer=0.1815
Vcd=0.038
DVol=0.000979776004763679
ParState=CENCEEECCEECEECCECCENCCENNNCCNNNCCCCNCEEEEEEECNCC
