[Driver]
Brand=Dayton Audio
Model=PS95-8
Manufacturer=Dayton Audio
ProvidedBy=jon
Comment=
DateAdded=20241026
DateModified=20241026
Qts=0.721279212792128
Znom=10
Fs=119.8
Pe=0
SPL=85.087349773097
Re=7.1
Le=0.00063
fLe=1000
KLe=0.0499379239498357
BL=3.83366239203418
Xmax=0.0025
Cms=0.000802239324057589
Qms=7.33
Qes=0.8
Rms=0.22592037101777
Mms=0.0022
Sd=0.00287401896472089
Vas=0.00094
Dia=0
Vd=7.18504741180221E-6
no=0.00196467019187117
Dd=0.060492268912659
EBP=149.75
numVC=1
Hc=0
Hg=0
SPLmax=0
SPLmaxLF=57.6930043648092
USPL=85.610494996392
alfaVC=0
Rt=0
Ct=0
gamma=1742.57381456099
Rme=2.06999539945031
Mpow=1.43874785819139
Mcost=0
Gloss=0.00692320663519703
VCCon=1
c=343.684120962152
roo=1.20095217714682
Thick=0.0047
Depth=0.0476
MagDepth=0.02
Magnet=0.07
Basket=0.077
Outer=0.0982
Vcd=0.02
DVol=0.000115042194839974
ParState=CENCEEECCEECEECCECCENCCENNNCCNNNCCCCNCEEEEEEECNCC
