[Driver]
Brand=GRS
Model=10SW-4
Manufacturer=GRS
ProvidedBy=Anat Drori Ronen
Comment=
DateAdded=20220927
DateModified=20220927
Qts=0.79107433808554
Znom=6
Fs=47
Pe=0
SPL=85.4990949466863
Re=3.96
Le=0.00044
fLe=1000
KLe=0.0348772802189329
BL=9.5
Xmax=0.0085
Cms=0.000137409957850324
Qms=2.83
Qes=1.098
Rms=8.70798418818177
Mms=0.08345
Sd=0.03445
Vas=0.023490464491352
Dia=0
Vd=0.000292825
no=0.00216005183658968
Dd=0.20943519836963
EBP=42.8051001821494
numVC=1
Hc=0
Hg=0
SPLmax=0
SPLmaxLF=89.8965746389997
USPL=88.5578717979169
alfaVC=0
Rt=0
Ct=0
gamma=113.840623127621
Rme=22.4440758219986
Mpow=4.77392962248126
Mcost=0
Gloss=0.0132295873241303
VCCon=1
c=343.684120962152
roo=1.20095217714682
Thick=0.006
Depth=0.127
MagDepth=0.04
Magnet=0.06
Basket=0.228
Outer=0.254
Vcd=0.051
DVol=0.00141466987339841
ParState=CENCEEECEEECEECCEECCNCCENNNCCNNNCCCCNCEEEEEEECNCC
