[Driver]
Brand=Markaudio
Model=CHR-70
Manufacturer=Markaudio
ProvidedBy=Anat Drori Ronen
Comment=
DateAdded=20221223
DateModified=20221223
Qts=0.547880597014925
Znom=10
Fs=65.4
Pe=0
SPL=85.2470135387155
Re=7.2
Le=0.000032
fLe=1000
KLe=0.00253652947046785
BL=4.19288006228422
Xmax=0.0043
Cms=0.00144444466744314
Qms=2.66
Qes=0.69
Rms=0.633373424160577
Mms=0.0041
Sd=0.0050231077302451
Vas=0.00517
Dia=0
Vd=0.0000215993632400539
no=0.00203824334318204
Dd=0.0799726165610014
EBP=94.7826086956522
numVC=1
Hc=0
Hg=0
SPLmax=0
SPLmaxLF=67.2532305622974
USPL=85.7094172848886
alfaVC=0
Rt=0
Ct=0
gamma=1022.65367372786
Rme=2.44170044676396
Mpow=1.56259414012851
Mcost=0
Gloss=0.013506318493424
VCCon=1
c=343.684120962152
roo=1.20095217714682
Thick=0.006
Depth=0.05
MagDepth=0.025
Magnet=0.0695
Basket=0.102
Outer=0.124
Vcd=0.02
DVol=0.000149787352960314
ParState=CENCEEECCEECEECCECCENCCENNNCCNNNCCCCNCEEEEEEECNCC
