[Driver]
Brand=Markaudio
Model=Alpair-10P
Manufacturer=Markaudio
ProvidedBy=Anat Drori Ronen
Comment=
DateAdded=20230925
DateModified=20230925
Qts=0.330014250089063
Znom=10
Fs=42.4
Pe=0
SPL=89.8048211812821
Re=6.2
Le=0.0000502
fLe=1000
KLe=0.00397918060679643
BL=4.74175048819761
Xmax=0.007
Cms=0.00270960014241916
Qms=2.425
Qes=0.382
Rms=0.571264617124518
Mms=0.0052
Sd=0.0088345757750559
Vas=0.03
Dia=0
Vd=0.0000618420304253913
no=0.00582152540254157
Dd=0.106059093140383
EBP=110.994764397906
numVC=1
Hc=0
Hg=0
SPLmax=0
SPLmaxLF=76.3900864017679
USPL=90.9166329967854
alfaVC=0
Rt=0
Ct=0
gamma=911.875093884157
Rme=3.62648349876166
Mpow=1.90433282247659
Mcost=0
Gloss=0.019739274461515
VCCon=1
c=343.684120962152
roo=1.20095217714682
Thick=0.0105
Depth=0.0675
MagDepth=0.025
Magnet=0.1
Basket=0.139
Outer=0.16
Vcd=0.025
DVol=0.000357961670742505
ParState=CENCEEECCEECEECCECCENCCENNNCCNNNCCCCNCEEEEEEECNCC
