[Driver]
Brand=Markaudio
Model=PLUVIA-11
Manufacturer=Markaudio
ProvidedBy=Anat Drori Ronen
Comment=
DateAdded=20230620
DateModified=20230620
Qts=0.293643854748603
Znom=8
Fs=39.12
Pe=0
SPL=88.2880882858983
Re=5.4
Le=0.000068
fLe=1000
KLe=0.00539012512474418
BL=6.55365553927455
Xmax=0.007
Cms=0.00145727228941191
Qms=1.797
Qes=0.351
Rms=1.55357599348089
Mms=0.011358
Sd=0.0109421760442181
Vas=0.024751
Dia=0
Vd=0.0000765952323095265
no=0.0041054759024094
Dd=0.118033941071847
EBP=111.452991452991
numVC=1
Hc=0
Hg=0
SPLmax=0
SPLmaxLF=78.2484463538233
USPL=89.9998793981544
alfaVC=0
Rt=0
Ct=0
gamma=577.00788336631
Rme=7.95377794953036
Mpow=2.82024430671003
Mcost=0
Gloss=0.0231881022421267
VCCon=1
c=343.684120962152
roo=1.20095217714682
Thick=0.004
Depth=0.0762
MagDepth=0.03
Magnet=0.12
Basket=0.1436
Outer=0.172
Vcd=0.08
DVol=0.000699421245793942
ParState=CENCEEECCEECEECCECCENCCENNNCCNNNCCCCNCEEEEEEECNCC
