[Driver]
Brand=Markaudio
Model=CHP-70
Manufacturer=Markaudio
ProvidedBy=Anat Drori Ronen
Comment=
DateAdded=20230307
DateModified=20230307
Qts=0.518855218855219
Znom=10
Fs=72.3
Pe=0
SPL=86.2676460366055
Re=7.2
Le=0.00003
fLe=1000
KLe=0.00237799637856361
BL=4.24999864635097
Xmax=0.0042
Cms=0.00130967019656066
Qms=2.3
Qes=0.67
Rms=0.730789087618961
Mms=0.0037
Sd=0.00502974112054297
Vas=0.0047
Dia=0
Vd=0.0000211249127062805
no=0.00257821590003433
Dd=0.080025404056811
EBP=107.910447761194
numVC=1
Hc=0
Hg=0
SPLmax=0
SPLmaxLF=67.0603100599593
USPL=86.7300497827786
alfaVC=0
Rt=0
Ct=0
gamma=1148.64828279756
Rme=2.50867895749793
Mpow=1.58388097958714
Mcost=0
Gloss=0.0113144918482086
VCCon=1
c=343.684120962152
roo=1.20095217714682
Thick=0.006
Depth=0.05
MagDepth=0.022
Magnet=0.0695
Basket=0.102
Outer=0.124
Vcd=0.02
DVol=0.000145069469136917
ParState=CENCEEECCEECEECCECCENCCENNNCCNNNCCCCNCEEEEEEECNCC
