[Driver]
Brand=Markaudio
Model=CHN-110
Manufacturer=Markaudio
ProvidedBy=jon
Comment=
DateAdded=20241020
DateModified=20241020
Qts=0.411017964071856
Znom=10
Fs=44.16
Pe=0
SPL=88.503967296912
Re=6.8
Le=0.00028
fLe=1000
KLe=0.0221946328665937
BL=5.87135176821015
Xmax=0.008
Cms=0.00148109371996125
Qms=2.86
Qes=0.48
Rms=0.850829409775347
Mms=0.00877
Sd=0.0108492187010951
Vas=0.02473
Dia=0
Vd=0.0000867937496087611
no=0.00431470798488574
Dd=0.117531503350015
EBP=92
numVC=1
Hc=0
Hg=0
SPLmax=0
SPLmaxLF=79.3341806176186
USPL=89.2146068803355
alfaVC=0
Rt=0
Ct=0
gamma=669.481387481203
Rme=5.06952523324478
Mpow=2.25156062171214
Mcost=0
Gloss=0.0159225573727605
VCCon=1
c=343.684120962152
roo=1.20095217714682
Thick=0.0028
Depth=0.0757
MagDepth=0.02
Magnet=0.11
Basket=0.1325
Outer=0.1715
Vcd=0.03
DVol=0.000456040314037504
ParState=CENCEEECCEECEECCECCENCCENNNCCNNNCCCCNCEEEEEEECNCC
