[Driver]
Brand=Monacor
Model=SPX-30M
Manufacturer=Monacor
ProvidedBy=jon
Comment=
DateAdded=20241026
DateModified=20241026
Qts=0.707488479262673
Znom=10
Fs=100
Pe=0
SPL=85.0920915500046
Re=6.4
Le=0.00018
fLe=1000
KLe=0.0142679782713816
BL=3.08031098912405
Xmax=0.0011
Cms=0.00120620456717069
Qms=3.45
Qes=0.89
Rms=0.382454757828323
Mms=0.0021
Sd=0.00324342189578465
Vas=0.0018
Dia=0
Vd=3.56776408536311E-6
no=0.00196681645800323
Dd=0.064262376379752
EBP=112.359550561798
numVC=1
Hc=0
Hg=0
SPLmax=0
SPLmaxLF=51.6123341876203
USPL=86.0660205206515
alfaVC=0
Rt=0
Ct=0
gamma=1466.81475672574
Rme=1.4825493421435
Mpow=1.21759982840977
Mcost=0
Gloss=0.0225823042174121
VCCon=1
c=343.684120962152
roo=1.20095217714682
Thick=0.002
Depth=0.053
MagDepth=0.03
Magnet=0.068
Basket=0.071
Outer=0.093
Vcd=0.02
DVol=0.000143964193494174
ParState=CENCEEECCEECEECCECCENCCENNNCCNNNCCCCNCEEEEEEECNCC
