[Driver]
Brand=Morel
Model=TiW638Ft
Manufacturer=Morel
ProvidedBy=Jon Ronen-Drori
Comment=
DateAdded=20220108
DateModified=20220108
Qts=0.42
Znom=8
Fs=40
Pe=0
SPL=86.3187499875183
Re=5.4
Le=0.00063
fLe=1000
KLe=0.0499379239498357
BL=7.3
Xmax=0.00425
Cms=0.000998
Qms=3.96
Qes=0.47
Rms=1.00677961410128
Mms=0.0155
Sd=0.0106863001340572
Vas=0.0197
Dia=0
Vd=0.0000454167755697433
no=0.00260873327343134
Dd=0.11664570252517
EBP=85.1063829787234
numVC=1
Hc=0
Hg=0
SPLmax=0
SPLmaxLF=73.7087375519949
USPL=88.0305410997744
alfaVC=0
Rt=0
Ct=0
gamma=470.967741935484
Rme=8.28845721372626
Mpow=3.14141982525713
Mcost=0
Gloss=0.0365301979987548
VCCon=1
c=343.684120962152
roo=1.20095217714682
Thick=0.006
Depth=0.063
MagDepth=0.03
Magnet=0.08
Basket=0.14
Outer=0.16
Vcd=0
DVol=0.00035
ParState=CENCEEECEENEEEECECCENCCENNNCCNNNCCCCNCEEEEEENENCC
