[Driver]
Brand=Morel
Model=ECW638
Manufacturer=Morel
ProvidedBy=Anat Drori Ronen
Comment=
DateAdded=20220913
DateModified=20220913
Qts=0.287191011235955
Znom=8
Fs=39.908641828142
Pe=0
SPL=87.289786010734
Re=5
Le=0.00026
fLe=1000
KLe=0.0206093019475513
BL=7.45
Xmax=0.006
Cms=0.000994
Qms=1.42
Qes=0.36
Rms=2.82539033198958
Mms=0.016
Sd=0.0119
Vas=0.019
Dia=0
Vd=0.0000714
no=0.00326237048851074
Dd=0.123091634899974
EBP=110.857338411506
numVC=1
Hc=0
Hg=0
SPLmax=0
SPLmaxLF=77.6383758353644
USPL=89.3358146778596
alfaVC=0
Rt=0
Ct=0
gamma=465.625
Rme=11.1445951984033
Mpow=3.33174128647469
Mcost=0
Gloss=0.0259941602666667
VCCon=1
c=343.684120962152
roo=1.20095217714682
Thick=0.006
Depth=0.063
MagDepth=0.04
Magnet=0.08
Basket=0.14
Outer=0.16
Vcd=0.0762
DVol=0.00038373616569394
ParState=CCNCEEECEEEEEECCEECENCCENNNCCNNNCCCCNCEEEEEEECNCC
