[Driver]
Brand=Morel
Model=EW536
Manufacturer=Morel
ProvidedBy=Anat Drori Ronen
Comment=
DateAdded=20220611
DateModified=20220611
Qts=0.22
Znom=6
Fs=45
Pe=0
SPL=87.2864339123105
Re=4.5
Le=0.00038
fLe=1000
KLe=0.0301212874618057
BL=7.68590670391275
Xmax=0.0055
Cms=0.000962214469537871
Qms=1.16
Qes=0.28
Rms=3.16867534887936
Mms=0.013
Sd=0.00868681047945269
Vas=0.0103
Dia=0
Vd=0.0000477774576369898
no=0.00325985340203519
Dd=0.105168391734679
EBP=160.714285714286
numVC=1
Hc=0
Hg=0
SPLmax=0
SPLmaxLF=74.1488723215953
USPL=89.7900374850428
alfaVC=0
Rt=0
Ct=0
gamma=591.223592608673
Rme=13.1273693025002
Mpow=3.62317116660257
Mcost=0
Gloss=0.0223035103381848
VCCon=1
c=343.684120962152
roo=1.20095217714682
Thick=0.005
Depth=0.06
MagDepth=0.04
Magnet=0.08
Basket=0.121
Outer=0.143
Vcd=0.0762
DVol=0.000331336771790282
ParState=CENCEEECCEECEEECECCENCCENNNCCNNNCCCCNCEEEEEEECNCC
