[Driver]
Brand=Morel
Model=EM428
Manufacturer=Morel
ProvidedBy=Anat Drori Ronen
Comment=
DateAdded=20221202
DateModified=20221202
Qts=0.414358974358974
Znom=8
Fs=68
Pe=0
SPL=85.6368020163546
Re=5.4
Le=0.00036
fLe=1000
KLe=0.0285359565427633
BL=5.61101334679843
Xmax=0.003
Cms=0.000836336667324297
Qms=3.03
Qes=0.48
Rms=0.923607503570227
Mms=0.00655
Sd=0.00543151682521721
Vas=0.0035
Dia=0
Vd=0.0000162945504756516
no=0.00222964068438512
Dd=0.0831602189136184
EBP=141.666666666667
numVC=1
Hc=0
Hg=0
SPLmax=0
SPLmaxLF=64.8052592780221
USPL=87.3485931286107
alfaVC=0
Rt=0
Ct=0
gamma=856.643259053195
Rme=5.83027236628706
Mpow=2.41459569416643
Mcost=0
Gloss=0.0179069598033112
VCCon=1
c=343.684120962152
roo=1.20095217714682
Thick=0.005
Depth=0.051
MagDepth=0.025
Magnet=0.075
Basket=0.094
Outer=0.1185
Vcd=0.00533
DVol=0.000160730201772711
ParState=CENCEEECCEECEECCECCENCCENNNCCNNNCCCCNCEEEEEEECNCC
