[Driver]
Brand=Morel
Model=CAW538
Manufacturer=Morel
ProvidedBy=Anat Drori Ronen
Comment=
DateAdded=20220920
DateModified=20220920
Qts=0.38025974025974
Znom=8
Fs=49
Pe=150
SPL=85.0648751163573
Re=5.2
Le=0.00047
fLe=1000
KLe=0.0372552765974965
BL=6.9
Xmax=0.003
Cms=0.00072
Qms=1.83
Qes=0.48
Rms=2.39
Mms=0.0146526307965341
Sd=0.009
Vas=0.0082
Dia=0
Vd=0.000027
no=0.00195452932307257
Dd=0.107047446969166
EBP=102.083333333333
numVC=1
Hc=0
Hg=0
SPLmax=103.825787706914
SPLmaxLF=69.1916868830207
USPL=86.9405703904951
alfaVC=0
Rt=0
Ct=0
gamma=470.905197558933
Rme=9.39832194184
Mpow=3.02585016660925
Mcost=0
Gloss=0.0344863732321995
VCCon=1
c=343.684120962152
roo=1.20095217714682
Thick=0.005
Depth=0.06
MagDepth=0.04
Magnet=0.0762
Basket=0.121
Outer=0.143
Vcd=0.0762
DVol=0.000315527174289901
ParState=CEECEEECEEEEEECECECENCCENNCCCNNNCCCCNCEEEEEEECNCC
