[Driver]
Brand=Morel
Model=EW638
Manufacturer=Morel
ProvidedBy=Anat Drori Ronen
Comment=
DateAdded=20220910
DateModified=20220910
Qts=0.317571428571429
Znom=8
Fs=39
Pe=0
SPL=86.9252382125636
Re=5
Le=0.00052
fLe=1000
KLe=0.0412186038951025
BL=7.05
Xmax=0.006
Cms=0.001062
Qms=1.71
Qes=0.39
Rms=2.24716466598125
Mms=0.016
Sd=0.0117858776591995
Vas=0.02028
Dia=0
Vd=0.0000707152659551967
no=0.00299970467536541
Dd=0.122499981653482
EBP=100
numVC=1
Hc=0
Hg=0
SPLmax=0
SPLmaxLF=77.5546751811312
USPL=88.9712668796892
alfaVC=0
Rt=0
Ct=0
gamma=440.625
Rme=10.0530964914873
Mpow=3.1528558482747
Mcost=0
Gloss=0.0272195207529622
VCCon=1
c=343.684120962152
roo=1.20095217714682
Thick=0.006
Depth=0.063
MagDepth=0.04
Magnet=0.095
Basket=0.14
Outer=0.16
Vcd=0.0762
DVol=0.000465056566877933
ParState=CENCEEECEEEEEECCECCENCCENNNCCNNNCCCCNCEEEEEEECNCC
