[Driver]
Brand=Morel
Model=CAW428
Manufacturer=Morel
ProvidedBy=Anat Drori Ronen
Comment=
DateAdded=20220925
DateModified=20220925
Qts=0.38415770609319
Znom=8
Fs=74
Pe=0
SPL=88.0147649782876
Re=5.5
Le=0.00032
fLe=1000
KLe=0.0253652947046785
BL=5
Xmax=0.004
Cms=0.00101663586602013
Qms=2.33
Qes=0.46
Rms=0.907960726578269
Mms=0.00455
Sd=0.00561882021468823
Vas=0.0045
Dia=0
Vd=0.0000224752808587529
no=0.0038550603087844
Dd=0.0845819371503063
EBP=160.869565217391
numVC=1
Hc=0
Hg=0
SPLmax=0
SPLmaxLF=67.5985141504552
USPL=89.646866793831
alfaVC=0
Rt=0
Ct=0
gamma=1098.9010989011
Rme=4.59901846288558
Mpow=2.1320071635561
Mcost=0
Gloss=0.0113406385313885
VCCon=1
c=343.684120962152
roo=1.20095217714682
Thick=0.005
Depth=0.045
MagDepth=0.022
Magnet=0.055
Basket=0.094
Outer=0.119
Vcd=0.0051
DVol=0.0000980999181432993
ParState=CENCEEECEEECEECCECCENCCENNNCCNNNCCCCNCEEEEEEECNCC
