[Driver]
Brand=Morel
Model=EW428
Manufacturer=Morel
ProvidedBy=Anat Drori Ronen
Comment=
DateAdded=20220925
DateModified=20220925
Qts=0.349314079422383
Znom=10
Fs=62
Pe=0
SPL=86.3981572625281
Re=6.3
Le=0.00044
fLe=1000
KLe=0.0348772802189329
BL=6.1
Xmax=0.0045
Cms=0.00106973491790987
Qms=2.36
Qes=0.41
Rms=1.01681107310086
Mms=0.00616
Sd=0.00554004337802268
Vas=0.0047
Dia=0
Vd=0.000024930195201102
no=0.00265687061167333
Dd=0.0839869174838953
EBP=151.219512195122
numVC=1
Hc=0
Hg=0
SPLmax=0
SPLmaxLF=68.498925179888
USPL=87.4404804784781
alfaVC=0
Rt=0
Ct=0
gamma=990.25974025974
Rme=5.85286373784885
Mpow=2.43029817231327
Mcost=0
Gloss=0.0143603506990134
VCCon=1
c=343.684120962152
roo=1.20095217714682
Thick=0.005
Depth=0.051
MagDepth=0.027
Magnet=0.06
Basket=0.094
Outer=0.119
Vcd=0.051
DVol=0.000163916587152823
ParState=CENCEEECEEECEECCECCENCCENNNCCNNNCCCCNCEEEEEEECNCC
