[Driver]
Brand=Peerless
Model=SLS-P830667
Manufacturer=Peerless
ProvidedBy=Anat Drori Ronen
Comment=
DateAdded=20221005
DateModified=20221005
Qts=0.663194444444444
Znom=8
Fs=42.19
Pe=0
SPL=86.2335404208208
Re=5.53
Le=0.00078
fLe=1000
KLe=0.0618279058426538
BL=8.24738470112175
Xmax=0.0084
Cms=0.00040892340516707
Qms=5.73
Qes=0.75
Rms=1.60995603249996
Mms=0.0348
Sd=0.0212807401153576
Vas=0.02627
Dia=0
Vd=0.000178758216969004
no=0.00255804818475419
Dd=0.164607046799659
EBP=56.2533333333333
numVC=1
Hc=0
Hg=0
SPLmax=0
SPLmaxLF=85.6097318822853
USPL=87.8420178182596
alfaVC=0
Rt=0
Ct=0
gamma=236.993813250625
Rme=12.3000640882997
Mpow=3.50714472018188
Mcost=0
Gloss=0.0166135560895954
VCCon=1
c=343.684120962152
roo=1.20095217714682
Thick=0.0035
Depth=0.101
MagDepth=0.022
Magnet=0.115
Basket=0.177
Outer=0.213
Vcd=0.038
DVol=0.000948137705927704
ParState=CENCEEECCEECEECCECCENCCENNNCCNNNCCCCNCEEEEEEECNCC
