[Driver]
Brand=Peerless
Model=SLS-P830668
Manufacturer=Peerless
ProvidedBy=Anat Drori Ronen
Comment=
DateAdded=20231201
DateModified=20231201
Qts=0.545025839793282
Znom=8
Fs=32.4
Pe=0
SPL=88.2683720383773
Re=5.61
Le=0.00137
fLe=1000
KLe=0.108595167954405
BL=10.4393164220333
Xmax=0.0083
Cms=0.000428589816733285
Qms=7.15
Qes=0.59
Rms=1.60297678077377
Mms=0.0563
Sd=0.0346274504190575
Vas=0.0729
Dia=0
Vd=0.000287407838478178
no=0.00408687996745909
Dd=0.209973901251799
EBP=54.9152542372881
numVC=1
Hc=0
Hg=0
SPLmax=0
SPLmaxLF=89.7343837694304
USPL=89.8144721363015
alfaVC=0
Rt=0
Ct=0
gamma=185.423027034339
Rme=19.4259050551397
Mpow=4.40748284796886
Mcost=0
Gloss=0.0285097117311878
VCCon=1
c=343.684120962152
roo=1.20095217714682
Thick=0.0035
Depth=0.1228
MagDepth=0.022
Magnet=0.115
Basket=0.223
Outer=0.262
Vcd=0.0385
DVol=0.00164444119307234
ParState=CENCEEECCEECEECCECCENCCENNNCCNNNCCCCNCEEEEEEECNCC
