[Driver]
Brand=SB Acoustics
Model=SB23MFCL45-4
Manufacturer=SB Acoustics
ProvidedBy=Anat Drori Ronen
Comment=
DateAdded=20220930
DateModified=20220930
Qts=0.343920595533499
Znom=4
Fs=27
Pe=0
SPL=85.0931717231873
Re=3.3
Le=0.00073
fLe=1000
KLe=0.0578645785450478
BL=9.6
Xmax=0.024
Cms=0.000588925993596625
Qms=7.7
Qes=0.36
Rms=1.29988496030352
Mms=0.059
Sd=0.0209981234630192
Vas=0.037
Dia=0
Vd=0.000503954963112461
no=0.00196730570359715
Dd=0.163510370185953
EBP=75
numVC=1
Hc=0
Hg=0
SPLmax=0
SPLmaxLF=94.6122461324939
USPL=88.9437610348943
alfaVC=0
Rt=0
Ct=0
gamma=162.71186440678
Rme=27.8030949842697
Mpow=5.28462607260653
Mcost=0
Gloss=0.0141978364421315
VCCon=1
c=343.684120962152
roo=1.20095217714682
Thick=0.0085
Depth=0.122
MagDepth=0.05
Magnet=0.13
Basket=0.198
Outer=0.234
Vcd=0.0455
DVol=0.00134687515725888
ParState=CENCEEECEEECEECCECCENCCENNNCCNNNCCCCNCEEEEEEECNCC
