[Driver]
Brand=SB Acoustics
Model=SB23MFCL45-8
Manufacturer=SB Acoustics
ProvidedBy=Anat Drori Ronen
Comment=
DateAdded=20221004
DateModified=20221004
Qts=0.432731958762887
Znom=10
Fs=28.5
Pe=0
SPL=84.7330512895301
Re=6.2
Le=0.00102
fLe=1000
KLe=0.0808518768711626
BL=11.3
Xmax=0.0105
Cms=0.000588402722709094
Qms=7.3
Qes=0.46
Rms=1.30010293239654
Mms=0.053
Sd=0.0210731755744744
Vas=0.037
Dia=0
Vd=0.000221268343531981
no=0.00181075547785465
Dd=0.163802321334491
EBP=61.9565217391304
numVC=1
Hc=0
Hg=0
SPLmax=0
SPLmaxLF=87.4627972925029
USPL=85.8448631050334
alfaVC=0
Rt=0
Ct=0
gamma=213.207547169811
Rme=20.6320682749886
Mpow=4.53818920829912
Mcost=0
Gloss=0.0291260720680688
VCCon=1
c=343.684120962152
roo=1.20095217714682
Thick=0.0085
Depth=0.122
MagDepth=0.06
Magnet=0.13
Basket=0.203
Outer=0.234
Vcd=0.0455
DVol=0.00138648334735508
ParState=CENCEEECEEECEECCECCENCCENNNCCNNNCCCCNCEEEEEEECNCC
