[Driver]
Brand=SB Acoustics
Model=SB20PFC30-8
Manufacturer=SB Acoustics
ProvidedBy=Anat Drori Ronen
Comment=
DateAdded=20220123
DateModified=20220123
Qts=0.37
Znom=8
Fs=34
Pe=0
SPL=89.8515294152894
Re=5.6
Le=0.00084
fLe=0
KLe=0
BL=7.7
Xmax=0.005
Cms=0.001
Qms=2.66
Qes=0.43
Rms=1.75978486390862
Mms=0.0212
Sd=0.0211933578006568
Vas=0.0662
Dia=0
Vd=0.000105966789003284
no=0.00588447362018451
Dd=0.164268746989553
EBP=79.0697674418605
numVC=1
Hc=0
Hg=0
SPLmax=0
SPLmaxLF=81.0678070914412
USPL=91.4053778557132
alfaVC=0
Rt=0
Ct=0
gamma=363.207547169811
Rme=10.5323720218955
Mpow=3.25384388070479
Mcost=0
Gloss=0.0429767035279469
VCCon=1
c=343.684120962152
roo=1.20095217714682
Thick=0.00475
Depth=0.0824
MagDepth=0.01
Magnet=0.1
Basket=0.187
Outer=0.202
Vcd=0.003
DVol=0.0003
ParState=CENCEENNEENEEEECECCENCCENNNCCNNNCCCCNCEEEEEEEENCC
