[Driver]
Brand=Scan-Speak
Model=Discovery 26W/8534G00
Manufacturer=
ProvidedBy=Anat Drori Ronen
Comment=
DateAdded=20220305
DateModified=20220305
Qts=0.401509433962264
Znom=8
Fs=23
Pe=0
SPL=88.4135213325262
Re=5.7
Le=0.00096
fLe=0
KLe=0
BL=10.1
Xmax=0.006
Cms=0.00095
Qms=9.12
Qes=0.42
Rms=0.798681917639685
Mms=0.0505
Sd=0.0329054359548024
Vas=0.15
Dia=0
Vd=0.000197432615728814
no=0.00422577930587847
Dd=0.204686351021275
EBP=54.7619047619048
numVC=1
Hc=0
Hg=0
SPLmax=0
SPLmaxLF=86.4727895878884
USPL=89.8905014862871
alfaVC=0
Rt=0
Ct=0
gamma=200
Rme=17.375999367355
Mpow=4.23042447374612
Mcost=0
Gloss=0.0782625539985926
VCCon=1
c=343.684120962152
roo=1.20095217714682
Thick=0.0056
Depth=0.106
MagDepth=0.0413
Magnet=0.121
Basket=0.231
Outer=0.272
Vcd=0
DVol=0.0012
ParState=CENCEENNEEEEEECCECCENCCENNNCCNNNCCCCNCEEEEEENENCC
