[Driver]
Brand=TangBand
Model=W4-2142
Manufacturer=TangBand
ProvidedBy=Anat Drori Ronen
Comment=
DateAdded=20221203
DateModified=20221203
Qts=0.331274131274131
Znom=10
Fs=60
Pe=0
SPL=87.5357383018531
Re=6.3
Le=0.000022
fLe=1000
KLe=0.00174386401094664
BL=5.29851286649111
Xmax=0.0024
Cms=0.00152628922093182
Qms=2.2
Qes=0.39
Rms=0.789967752711761
Mms=0.00461
Sd=0.00544111960014965
Vas=0.00641
Dia=0
Vd=0.0000130586870403592
no=0.00345245883423465
Dd=0.0832336989598811
EBP=153.846153846154
numVC=1
Hc=0
Hg=0
SPLmax=0
SPLmaxLF=62.8824018770732
USPL=88.5780615178031
alfaVC=0
Rt=0
Ct=0
gamma=1149.35203177681
Rme=4.45622834863045
Mpow=2.11097805498552
Mcost=0
Gloss=0.0287506187953163
VCCon=1
c=343.684120962152
roo=1.20095217714682
Thick=0.0042
Depth=0.0762
MagDepth=0.027
Magnet=0.09
Basket=0.095
Outer=0.1255
Vcd=0.0254
DVol=0.000296542133754561
ParState=CENCEEECCEECEECCECCENCCENNNCCNNNCCCCNCEEEEEEECNCC
