[Driver]
Brand=TangBand
Model=W3-881SJF
Manufacturer=TangBand
ProvidedBy=Anat Drori Ronen
Comment=
DateAdded=20230306
DateModified=20230306
Qts=0.385459854014599
Znom=10
Fs=100
Pe=0
SPL=88.6700460399557
Re=6.6
Le=0.000081
fLe=1000
KLe=0.00642059022212174
BL=4.49764290719881
Xmax=0.0005
Cms=0.00126651479552922
Qms=6.44
Qes=0.41
Rms=0.195129978483838
Mms=0.002
Sd=0.00324342189578465
Vas=0.00189
Dia=0
Vd=1.62171094789232E-6
no=0.00448290239025369
Dd=0.064262376379752
EBP=243.90243902439
numVC=1
Hc=0
Hg=0
SPLmax=0
SPLmaxLF=44.7638805711761
USPL=89.5103353950228
alfaVC=0
Rt=0
Ct=0
gamma=2248.8214535994
Rme=3.06496844252663
Mpow=1.75070512723492
Mcost=0
Gloss=0.0496810692783066
VCCon=1
c=343.684120962152
roo=1.20095217714682
Thick=0.0035
Depth=0.053
MagDepth=0.022
Magnet=0.07
Basket=0.075
Outer=0.093
Vcd=0.0204
DVol=0.000132198148276633
ParState=CENCEEECCEECEECCECCENCCENNNCCNNNCCCCNCEEEEEEECNCC
