[Driver]
Brand=TangBand
Model=W5-1138SMF
Manufacturer=TangBand
ProvidedBy=Anat Drori Ronen
Comment=
DateAdded=20220925
DateModified=20220925
Qts=0.491331719128329
Znom=6
Fs=45
Pe=40
SPL=80.9283108079787
Re=3.4
Le=0.00034
fLe=1000
KLe=0.0269506256237209
BL=7.17
Xmax=0.00925
Cms=0.00043418216258217
Qms=3.56
Qes=0.57
Rms=2.28815606502612
Mms=0.02881
Sd=0.00862706860625356
Vas=0.00485
Dia=0
Vd=0.0000798003846078454
no=0.000754025024691496
Dd=0.104806130090874
EBP=78.9473684210526
numVC=1
Hc=0
Hg=0
SPLmax=93.9489107212583
SPLmaxLF=78.6045112896782
USPL=84.6492503480419
alfaVC=0
Rt=0
Ct=0
gamma=248.871919472405
Rme=14.2909396341982
Mpow=3.88847845639941
Mcost=0
Gloss=0.0132615466875693
VCCon=1
c=343.684120962152
roo=1.20095217714682
Thick=0.0036
Depth=0.081
MagDepth=0.03
Magnet=0.1
Basket=0.1205
Outer=0.1558
Vcd=0.1
DVol=0.000655732024649595
ParState=CEECEEECEEECEECCECCENCCENNCCCNNNCCCCNCEEEEEEECNCC
