[Driver]
Brand=TangBand
Model=W3-315E
Manufacturer=TangBand
ProvidedBy=Anat Drori Ronen
Comment=
DateAdded=20230306
DateModified=20230306
Qts=0.5165625
Znom=10
Fs=100
Pe=0
SPL=86.7276108259543
Re=6.6
Le=0.0002
fLe=1000
KLe=0.015853309190424
BL=3.81451627281544
Xmax=0.00125
Cms=0.00126651479552922
Qms=5.51
Qes=0.57
Rms=0.228064802438461
Mms=0.002
Sd=0.003057927489011
Vas=0.00168
Dia=0
Vd=3.82240936126375E-6
no=0.00286626117739417
Dd=0.0623977099254573
EBP=175.438596491228
numVC=1
Hc=0
Hg=0
SPLmax=0
SPLmaxLF=52.2111555201431
USPL=87.5679001810215
alfaVC=0
Rt=0
Ct=0
gamma=1907.25813640772
Rme=2.20462642357179
Mpow=1.48479844543688
Mcost=0
Gloss=0.0198724277113226
VCCon=1
c=343.684120962152
roo=1.20095217714682
Thick=0.0035
Depth=0.0485
MagDepth=0.022
Magnet=0.07
Basket=0.0755
Outer=0.093
Vcd=0.0204
DVol=0.000123395871143318
ParState=CENCEEECCEECEECCECCENCCENNNCCNNNCCCCNCEEEEEEECNCC
