[Driver]
Brand=Visaton
Model=W170S-8
Manufacturer=Visaton
ProvidedBy=Anat Drori Ronen
Comment=
DateAdded=20241226
DateModified=20241226
Qts=0.519029126213592
Znom=8
Fs=36
Pe=0
SPL=86.3247381991887
Re=5.9
Le=0.0012
fLe=1000
KLe=0.0951198551425443
BL=5.12704227899305
Xmax=0.01
Cms=0.00150346010865292
Qms=2.43
Qes=0.66
Rms=1.2100949480494
Mms=0.013
Sd=0.0133482250293074
Vas=0.038
Dia=0
Vd=0.000133482250293074
no=0.00261233277157973
Dd=0.130366744069712
EBP=54.5454545454545
numVC=1
Hc=0
Hg=0
SPLmax=0
SPLmaxLF=83.0728819906657
USPL=87.651946793253
alfaVC=0
Rt=0
Ct=0
gamma=394.38786761485
Rme=4.45534958145462
Mpow=2.11076990253666
Mcost=0
Gloss=0.0191670791968775
VCCon=1
c=343.684120962152
roo=1.20095217714682
Thick=0
Depth=0
MagDepth=0
Magnet=0
Basket=0
Outer=0
Vcd=0
DVol=0
ParState=CENCEEECCEECEECCECCENCCENNNCCNNNCCCCNCNNNNNNNNNCC
